Date,Predict Value,Actual Value,Residual,Abs. Residual,% Difference
6/27/2016 8:31,114,127,-13,13,0.102362205
6/27/2016 8:31,114,127,-13,13,0.102362205
6/27/2016 8:41,132,138,-6,6,0.043478261
6/27/2016 8:46,135,137,-2,2,0.01459854
6/27/2016 8:51,138,132,6,6,0.045454545
6/27/2016 8:56,126,126,0,0,0
6/27/2016 9:01,120,120,0,0,0
6/27/2016 9:11,108,118,-10,10,0.084745763
6/27/2016 9:16,112,119,-7,7,0.058823529
6/27/2016 9:21,113,119,-6,6,0.050420168
6/27/2016 9:26,113,118,-5,5,0.042372881
6/27/2016 9:31,112,118,-6,6,0.050847458
6/27/2016 9:36,112,121,-9,9,0.074380165
6/27/2016 9:41,115,125,-10,10,0.08
6/27/2016 9:46,119,131,-12,12,0.091603053
6/27/2016 9:51,131,133,-2,2,0.015037594
6/27/2016 9:51,131,133,-2,2,0.015037594
6/27/2016 10:06,174,144,30,30,0.208333333
6/27/2016 10:11,188,143,45,45,0.314685315
6/27/2016 10:21,215,136,79,79,0.580882353
6/27/2016 10:26,122,138,-16,16,0.115942029
6/27/2016 10:31,124,141,-17,17,0.120567376
6/27/2016 10:36,128,148,-20,20,0.135135135
6/27/2016 10:41,134,153,-19,19,0.124183007
6/27/2016 10:46,140,154,-14,14,0.090909091
6/27/2016 10:51,140,153,-13,13,0.08496732
6/27/2016 10:56,140,149,-9,9,0.060402685
6/27/2016 11:01,136,139,-3,3,0.021582734
6/27/2016 11:06,126,127,-1,1,0.007874016
6/27/2016 11:11,114,121,-7,7,0.05785124
6/27/2016 11:16,108,112,-4,4,0.035714286
6/27/2016 11:21,98,101,-3,3,0.02970297
6/27/2016 11:26,88,90,-2,2,0.022222222
6/27/2016 11:31,76,80,-4,4,0.05
6/27/2016 11:36,66,69,-3,3,0.043478261
6/27/2016 11:41,56,63,-7,7,0.111111111
6/27/2016 11:46,50,56,-6,6,0.107142857
6/27/2016 11:51,42,51,-9,9,0.176470588
6/27/2016 11:56,38,57,-19,19,0.333333333
6/27/2016 12:01,44,74,-30,30,0.405405405
6/27/2016 12:06,60,97,-37,37,0.381443299
6/27/2016 12:11,84,120,-36,36,0.3
6/27/2016 12:16,106,138,-32,32,0.231884058
6/27/2016 12:17,135,148,-13,13,0.087837838
6/27/2016 12:21,138,159,-21,21,0.132075472
6/27/2016 12:26,159,148,11,11,0.074324324
6/27/2016 12:26,159,148,11,11,0.074324324
6/27/2016 12:31,158,153,5,5,0.032679739
6/27/2016 12:36,168,157,11,11,0.070063694
6/27/2016 12:41,178,168,10,10,0.05952381
6/27/2016 12:46,156,168,-12,12,0.071428571
6/27/2016 12:51,156,168,-12,12,0.071428571
6/27/2016 12:56,156,161,-5,5,0.031055901
6/27/2016 13:01,149,150,-1,1,0.006666667
6/27/2016 13:06,138,135,3,3,0.022222222
6/27/2016 13:11,123,124,-1,1,0.008064516
6/27/2016 13:16,112,113,-1,1,0.008849558
6/27/2016 13:21,101,104,-3,3,0.028846154
6/27/2016 13:26,92,96,-4,4,0.041666667
6/27/2016 13:31,84,88,-4,4,0.045454545
6/27/2016 13:36,76,81,-5,5,0.061728395
6/27/2016 13:41,69,75,-6,6,0.08
6/27/2016 13:46,63,76,-13,13,0.171052632
6/27/2016 13:51,64,70,-6,6,0.085714286
6/27/2016 13:56,58,66,-8,8,0.121212121
6/27/2016 14:01,54,64,-10,10,0.15625
6/27/2016 14:06,52,66,-14,14,0.212121212
6/27/2016 14:11,54,76,-22,22,0.289473684
6/27/2016 14:16,64,88,-24,24,0.272727273
6/27/2016 14:21,76,100,-24,24,0.24
6/27/2016 14:26,88,110,-22,22,0.2
6/27/2016 14:31,98,120,-22,22,0.183333333
6/27/2016 14:36,108,129,-21,21,0.162790698
6/27/2016 14:41,117,136,-19,19,0.139705882
6/27/2016 14:46,124,146,-22,22,0.150684932
6/27/2016 14:51,134,155,-21,21,0.135483871
6/27/2016 14:56,143,167,-24,24,0.143712575
6/27/2016 15:01,155,180,-25,25,0.138888889
6/27/2016 15:06,168,190,-22,22,0.115789474
6/27/2016 15:11,178,197,-19,19,0.096446701
6/27/2016 15:16,185,206,-21,21,0.101941748
6/27/2016 15:21,194,215,-21,21,0.097674419
6/27/2016 15:26,203,223,-20,20,0.089686099
6/27/2016 15:36,198,240,-42,42,0.175
6/27/2016 15:41,228,239,-11,11,0.046025105
6/27/2016 15:46,227,239,-12,12,0.050209205
6/27/2016 15:51,227,239,-12,12,0.050209205
6/27/2016 15:56,239,237,2,2,0.008438819
6/27/2016 15:56,239,237,2,2,0.008438819
6/27/2016 16:06,254,233,21,21,0.090128755
6/27/2016 16:30,296,208,88,88,0.423076923
6/27/2016 16:36,304,200,104,104,0.52
6/27/2016 16:41,189,191,-2,2,0.010471204
6/27/2016 16:45,180,182,-2,2,0.010989011
6/27/2016 16:51,171,175,-4,4,0.022857143
6/27/2016 16:55,164,169,-5,5,0.029585799
6/27/2016 17:00,168,172,-4,4,0.023255814
6/27/2016 17:30,154,154,0,0,0
6/27/2016 18:25,134,134,0,0,0
6/27/2016 18:30,133,135,-2,2,0.014814815
6/27/2016 18:35,134,136,-2,2,0.014705882
6/27/2016 18:45,134,135,-1,1,0.007407407
6/27/2016 18:50,134,135,-1,1,0.007407407
6/27/2016 18:55,134,133,1,1,0.007518797
6/27/2016 19:00,132,130,2,2,0.015384615
6/27/2016 19:05,129,127,2,2,0.015748031
6/27/2016 19:10,126,127,-1,1,0.007874016
6/27/2016 19:15,126,127,-1,1,0.007874016
6/27/2016 19:20,126,128,-2,2,0.015625
6/27/2016 19:25,127,128,-1,1,0.0078125
6/27/2016 19:30,127,126,1,1,0.007936508
6/27/2016 19:35,125,120,5,5,0.041666667
6/27/2016 19:40,119,114,5,5,0.043859649
6/27/2016 19:45,114,112,2,2,0.017857143
6/27/2016 19:45,114,112,2,2,0.017857143
6/27/2016 19:50,119,113,6,6,0.053097345
6/27/2016 19:55,126,115,11,11,0.095652174
6/27/2016 20:00,133,116,17,17,0.146551724
6/27/2016 20:05,108,116,-8,8,0.068965517
6/27/2016 20:10,108,116,-8,8,0.068965517
6/27/2016 20:15,108,114,-6,6,0.052631579
6/27/2016 20:20,106,110,-4,4,0.036363636
6/27/2016 20:25,102,107,-5,5,0.046728972
6/27/2016 20:30,99,102,-3,3,0.029411765
6/27/2016 20:35,94,93,1,1,0.010752688
6/27/2016 20:40,85,82,3,3,0.036585366
6/27/2016 20:45,74,68,6,6,0.088235294
6/27/2016 20:50,60,59,1,1,0.016949153
6/27/2016 20:55,51,56,-5,5,0.089285714
6/27/2016 21:00,48,51,-3,3,0.058823529
6/27/2016 21:05,43,47,-4,4,0.085106383
6/27/2016 21:15,32,42,-10,10,0.238095238
6/27/2016 21:20,34,43,-9,9,0.209302326
6/27/2016 21:25,35,46,-11,11,0.239130435
6/27/2016 21:30,38,50,-12,12,0.24
6/27/2016 21:35,42,52,-10,10,0.192307692
6/27/2016 21:40,44,50,-6,6,0.12
6/27/2016 21:45,42,48,-6,6,0.125
6/27/2016 21:50,40,58,-18,18,0.310344828
6/27/2016 21:55,50,50,0,0,0
6/27/2016 22:00,42,47,-5,5,0.106382979
6/27/2016 22:05,39,47,-8,8,0.170212766
6/27/2016 22:10,39,51,-12,12,0.235294118
6/27/2016 22:15,43,70,-27,27,0.385714286
6/27/2016 22:20,62,64,-2,2,0.03125
6/27/2016 22:30,49,60,-11,11,0.183333333
6/27/2016 22:35,52,64,-12,12,0.1875
6/27/2016 22:40,56,73,-17,17,0.232876712
6/27/2016 22:45,65,76,-11,11,0.144736842
6/27/2016 22:50,68,79,-11,11,0.139240506
6/27/2016 22:55,71,83,-12,12,0.144578313
6/27/2016 23:00,75,84,-9,9,0.107142857
6/27/2016 23:05,76,78,-2,2,0.025641026
6/27/2016 23:10,70,78,-8,8,0.102564103
6/27/2016 23:15,70,81,-11,11,0.135802469
6/27/2016 23:20,73,85,-12,12,0.141176471
6/27/2016 23:25,77,89,-12,12,0.134831461
6/27/2016 23:30,81,93,-12,12,0.129032258
6/27/2016 23:35,85,97,-12,12,0.12371134
6/27/2016 23:40,89,101,-12,12,0.118811881
6/27/2016 23:45,93,104,-11,11,0.105769231
6/27/2016 23:50,96,107,-11,11,0.102803738
6/27/2016 23:55,99,112,-13,13,0.116071429
6/28/2016 0:00,104,116,-12,12,0.103448276
6/28/2016 7:25,112,109,3,3,0.027522936
6/28/2016 7:25,112,109,3,3,0.027522936
6/28/2016 7:30,112,106,6,6,0.056603774
6/28/2016 7:35,115,104,11,11,0.105769231
6/28/2016 7:37,116,108,8,8,0.074074074
6/28/2016 7:40,104,105,-1,1,0.00952381
6/28/2016 7:45,99,99,0,0,0
6/28/2016 7:50,93,98,-5,5,0.051020408
6/28/2016 8:00,87,100,-13,13,0.13
6/28/2016 8:10,89,110,-21,21,0.190909091
6/28/2016 8:15,104,120,-16,16,0.133333333
6/28/2016 8:20,114,113,1,1,0.008849558
6/28/2016 8:30,102,122,-20,20,0.163934426
6/28/2016 8:55,94,85,9,9,0.105882353
6/28/2016 9:00,79,83,-4,4,0.048192771
6/28/2016 9:05,77,78,-1,1,0.012820513
6/28/2016 9:10,72,76,-4,4,0.052631579
6/28/2016 9:15,70,75,-5,5,0.066666667
6/28/2016 9:20,69,76,-7,7,0.092105263
6/28/2016 9:25,70,78,-8,8,0.102564103
6/28/2016 9:30,72,82,-10,10,0.12195122
6/28/2016 9:35,76,83,-7,7,0.084337349
6/28/2016 9:45,72,79,-7,7,0.088607595
6/28/2016 9:50,73,79,-6,6,0.075949367
6/28/2016 10:00,68,87,-19,19,0.218390805
6/28/2016 10:05,81,93,-12,12,0.129032258
6/28/2016 10:10,87,99,-12,12,0.121212121
6/28/2016 10:15,99,111,-12,12,0.108108108
6/28/2016 10:15,99,111,-12,12,0.108108108
6/28/2016 10:20,118,124,-6,6,0.048387097
6/28/2016 10:30,132,138,-6,6,0.043478261
6/28/2016 10:35,139,140,-1,1,0.007142857
6/28/2016 10:40,132,136,-4,4,0.029411765
6/28/2016 10:45,128,127,1,1,0.007874016
6/28/2016 10:50,119,115,4,4,0.034782609
6/28/2016 10:55,107,102,5,5,0.049019608
6/28/2016 11:00,94,97,-3,3,0.030927835
6/28/2016 11:05,89,92,-3,3,0.032608696
6/28/2016 11:10,84,86,-2,2,0.023255814
6/28/2016 11:15,78,84,-6,6,0.071428571
6/28/2016 11:20,76,79,-3,3,0.037974684
6/28/2016 11:25,71,79,-8,8,0.101265823
6/28/2016 11:30,71,80,-9,9,0.1125
6/28/2016 11:35,72,81,-9,9,0.111111111
6/28/2016 11:55,50,84,-34,34,0.404761905
6/28/2016 12:00,76,89,-13,13,0.146067416
6/28/2016 12:05,81,91,-10,10,0.10989011
6/28/2016 12:10,83,89,-6,6,0.06741573
6/28/2016 12:15,81,92,-11,11,0.119565217
6/28/2016 12:20,84,90,-6,6,0.066666667
6/28/2016 12:25,82,87,-5,5,0.057471264
6/28/2016 12:30,79,91,-12,12,0.131868132
6/28/2016 12:40,76,85,-9,9,0.105882353
6/28/2016 12:45,77,89,-12,12,0.134831461
6/28/2016 12:50,81,100,-19,19,0.19
6/28/2016 12:55,92,114,-22,22,0.192982456
6/28/2016 13:05,98,117,-19,19,0.162393162
6/28/2016 13:10,117,132,-15,15,0.113636364
6/28/2016 13:10,117,132,-15,15,0.113636364
6/28/2016 13:15,140,182,-42,42,0.230769231
6/28/2016 13:20,148,198,-50,50,0.252525253
6/28/2016 13:25,156,211,-55,55,0.260663507
6/28/2016 13:30,201,213,-12,12,0.056338028
6/28/2016 13:35,203,217,-14,14,0.064516129
6/28/2016 13:40,207,223,-16,16,0.071748879
6/28/2016 13:45,213,226,-13,13,0.057522124
6/28/2016 13:50,216,226,-10,10,0.044247788
6/28/2016 13:55,216,226,-10,10,0.044247788
6/28/2016 14:00,216,219,-3,3,0.01369863
6/28/2016 14:05,209,212,-3,3,0.014150943
6/28/2016 14:10,202,205,-3,3,0.014634146
6/28/2016 14:15,195,200,-5,5,0.025
6/28/2016 14:20,190,192,-2,2,0.010416667
6/28/2016 14:25,182,175,7,7,0.04
6/28/2016 14:30,165,166,-1,1,0.006024096
6/28/2016 14:35,156,154,2,2,0.012987013
6/28/2016 14:40,144,146,-2,2,0.01369863
6/28/2016 14:45,136,141,-5,5,0.035460993
6/28/2016 14:50,131,136,-5,5,0.036764706
6/28/2016 14:55,126,129,-3,3,0.023255814
6/28/2016 15:00,119,123,-4,4,0.032520325
6/28/2016 15:05,113,118,-5,5,0.042372881
6/28/2016 15:10,108,113,-5,5,0.044247788
6/28/2016 15:15,103,109,-6,6,0.055045872
6/28/2016 15:20,99,109,-10,10,0.091743119
6/28/2016 15:25,99,105,-6,6,0.057142857
6/28/2016 15:30,95,100,-5,5,0.05
6/28/2016 15:35,90,95,-5,5,0.052631579
6/28/2016 15:40,85,89,-4,4,0.04494382
6/28/2016 15:45,79,84,-5,5,0.05952381
6/28/2016 15:50,74,80,-6,6,0.075
6/28/2016 15:55,70,83,-13,13,0.156626506
6/28/2016 16:00,73,78,-5,5,0.064102564
6/28/2016 16:05,68,75,-7,7,0.093333333
6/28/2016 16:10,65,70,-5,5,0.071428571
6/28/2016 16:15,60,65,-5,5,0.076923077
6/28/2016 16:20,55,65,-10,10,0.153846154
6/28/2016 16:25,55,73,-18,18,0.246575342
6/28/2016 16:30,63,88,-25,25,0.284090909
6/28/2016 16:35,78,110,-32,32,0.290909091
6/28/2016 16:40,100,138,-38,38,0.275362319
6/28/2016 16:45,128,161,-33,33,0.204968944
6/28/2016 16:50,151,180,-29,29,0.161111111
6/28/2016 16:55,170,195,-25,25,0.128205128
6/28/2016 17:00,185,214,-29,29,0.135514019
6/28/2016 17:05,204,230,-26,26,0.113043478
6/28/2016 17:15,210,243,-33,33,0.135802469
6/28/2016 17:20,233,240,-7,7,0.029166667
6/28/2016 17:25,230,234,-4,4,0.017094017
6/28/2016 19:25,207,215,-8,8,0.037209302
6/28/2016 19:25,207,215,-8,8,0.037209302
6/28/2016 19:30,222,221,1,1,0.004524887
6/28/2016 19:35,229,228,1,1,0.004385965
6/28/2016 19:40,236,239,-3,3,0.012552301
6/28/2016 19:45,229,240,-11,11,0.045833333
6/28/2016 19:50,230,246,-16,16,0.06504065
6/28/2016 19:55,236,249,-13,13,0.052208835
6/28/2016 20:00,239,250,-11,11,0.044
6/28/2016 20:05,240,247,-7,7,0.028340081
6/28/2016 20:10,237,245,-8,8,0.032653061
6/28/2016 20:15,235,240,-5,5,0.020833333
6/28/2016 20:20,230,236,-6,6,0.025423729
6/28/2016 20:25,226,231,-5,5,0.021645022
6/28/2016 20:30,221,218,3,3,0.013761468
6/28/2016 20:40,198,205,-7,7,0.034146341
6/28/2016 20:45,195,201,-6,6,0.029850746
6/28/2016 20:50,191,201,-10,10,0.049751244
6/28/2016 20:55,191,195,-4,4,0.020512821
6/28/2016 21:00,185,188,-3,3,0.015957447
6/28/2016 21:05,178,185,-7,7,0.037837838
6/28/2016 21:10,175,184,-9,9,0.048913043
6/28/2016 21:15,174,177,-3,3,0.016949153
6/28/2016 21:20,167,170,-3,3,0.017647059
6/28/2016 21:25,160,166,-6,6,0.036144578
6/28/2016 21:30,156,163,-7,7,0.042944785
6/28/2016 21:35,153,161,-8,8,0.049689441
6/28/2016 21:40,151,164,-13,13,0.079268293
6/28/2016 21:45,154,171,-17,17,0.099415205
6/28/2016 21:50,161,168,-7,7,0.041666667
6/28/2016 21:55,158,162,-4,4,0.024691358
6/28/2016 22:00,152,157,-5,5,0.031847134
6/28/2016 22:05,147,150,-3,3,0.02
6/28/2016 22:10,140,143,-3,3,0.020979021
6/28/2016 22:15,133,135,-2,2,0.014814815
6/28/2016 22:20,125,130,-5,5,0.038461538
6/28/2016 22:25,120,128,-8,8,0.0625
6/28/2016 22:30,118,128,-10,10,0.078125
6/28/2016 22:40,108,123,-15,15,0.12195122
6/28/2016 22:45,113,121,-8,8,0.066115702
6/28/2016 22:50,111,120,-9,9,0.075
6/28/2016 22:55,110,120,-10,10,0.083333333
6/28/2016 23:00,110,119,-9,9,0.075630252
6/28/2016 23:02,116,121,-5,5,0.041322314
6/28/2016 23:05,114,121,-7,7,0.05785124
6/28/2016 23:10,111,114,-3,3,0.026315789
6/28/2016 23:15,104,111,-7,7,0.063063063
6/28/2016 23:20,101,111,-10,10,0.09009009
6/28/2016 23:25,101,110,-9,9,0.081818182
6/28/2016 23:30,100,105,-5,5,0.047619048
6/28/2016 23:35,95,103,-8,8,0.077669903
6/28/2016 23:40,93,99,-6,6,0.060606061
6/29/2016 7:40,144,156,-12,12,0.076923077
6/29/2016 7:40,144,156,-12,12,0.076923077
6/29/2016 7:45,159,156,3,3,0.019230769
6/29/2016 7:50,162,151,11,11,0.072847682
6/29/2016 7:55,165,148,17,17,0.114864865
6/29/2016 8:00,141,145,-4,4,0.027586207
6/29/2016 8:05,138,142,-4,4,0.028169014
6/29/2016 8:20,121,140,-19,19,0.135714286
6/29/2016 8:25,133,146,-13,13,0.089041096
6/29/2016 8:30,139,154,-15,15,0.097402597
6/29/2016 8:35,147,163,-16,16,0.098159509
6/29/2016 8:40,156,171,-15,15,0.087719298
6/29/2016 8:45,164,171,-7,7,0.040935673
6/29/2016 8:50,164,169,-5,5,0.029585799
6/29/2016 8:55,162,162,0,0,0
6/29/2016 9:00,155,154,1,1,0.006493506
6/29/2016 9:05,147,148,-1,1,0.006756757
6/29/2016 9:10,141,143,-2,2,0.013986014
6/29/2016 9:15,136,138,-2,2,0.014492754
6/29/2016 9:20,131,132,-1,1,0.007575758
6/29/2016 9:25,125,127,-2,2,0.015748031
6/29/2016 9:30,120,123,-3,3,0.024390244
6/29/2016 9:35,116,119,-3,3,0.025210084
6/29/2016 9:40,112,119,-7,7,0.058823529
6/29/2016 9:45,112,116,-4,4,0.034482759
6/29/2016 9:50,109,115,-6,6,0.052173913
6/29/2016 9:55,108,112,-4,4,0.035714286
6/29/2016 10:00,105,108,-3,3,0.027777778
6/29/2016 10:10,94,105,-11,11,0.104761905
6/29/2016 10:15,98,106,-8,8,0.075471698
6/29/2016 10:20,99,108,-9,9,0.083333333
6/29/2016 10:25,101,109,-8,8,0.073394495
6/29/2016 10:30,102,112,-10,10,0.089285714
6/29/2016 10:35,105,113,-8,8,0.07079646
6/29/2016 10:40,106,112,-6,6,0.053571429
6/29/2016 10:45,110,110,0,0,0
6/29/2016 12:35,294,289,5,5,0.017301038
6/29/2016 12:35,294,289,5,5,0.017301038
6/29/2016 12:40,298,287,11,11,0.038327526
6/29/2016 12:45,307,280,27,27,0.096428571
6/29/2016 12:50,316,268,48,48,0.179104478
6/29/2016 12:55,253,260,-7,7,0.026923077
6/29/2016 13:00,245,257,-12,12,0.046692607
6/29/2016 13:05,242,248,-6,6,0.024193548
6/29/2016 13:10,233,239,-6,6,0.025104603
6/29/2016 13:15,224,229,-5,5,0.021834061
6/29/2016 13:20,214,221,-7,7,0.031674208
6/29/2016 13:25,206,213,-7,7,0.03286385
6/29/2016 13:30,198,198,0,0,0
6/29/2016 13:35,183,191,-8,8,0.041884817
6/29/2016 13:40,176,186,-10,10,0.053763441
6/29/2016 13:45,171,175,-4,4,0.022857143
6/29/2016 13:55,146,159,-13,13,0.081761006
6/29/2016 14:00,144,158,-14,14,0.088607595
6/29/2016 14:05,143,158,-15,15,0.094936709
6/29/2016 14:10,143,158,-15,15,0.094936709
6/29/2016 14:15,143,165,-22,22,0.133333333
6/29/2016 14:20,150,169,-19,19,0.112426036
6/29/2016 14:30,140,139,1,1,0.007194245
6/29/2016 14:35,124,132,-8,8,0.060606061
6/29/2016 14:40,117,137,-20,20,0.145985401
6/29/2016 14:45,122,135,-13,13,0.096296296
6/29/2016 14:50,120,140,-20,20,0.142857143
6/29/2016 14:55,125,149,-24,24,0.161073826
6/29/2016 15:00,134,153,-19,19,0.124183007
6/29/2016 15:05,138,144,-6,6,0.041666667
6/29/2016 15:10,129,147,-18,18,0.12244898
6/29/2016 15:15,132,156,-24,24,0.153846154
6/29/2016 15:20,141,158,-17,17,0.107594937
6/29/2016 15:25,143,157,-14,14,0.089171975
6/29/2016 15:30,142,152,-10,10,0.065789474
6/29/2016 15:35,137,148,-11,11,0.074324324
6/29/2016 15:40,133,143,-10,10,0.06993007
6/29/2016 15:45,128,137,-9,9,0.065693431
6/29/2016 16:10,64,109,-45,45,0.412844037
6/29/2016 16:15,94,102,-8,8,0.078431373
6/29/2016 16:20,87,97,-10,10,0.103092784
6/29/2016 16:25,82,91,-9,9,0.098901099
6/29/2016 16:30,76,84,-8,8,0.095238095
6/29/2016 16:35,69,78,-9,9,0.115384615
6/29/2016 16:40,63,74,-11,11,0.148648649
6/29/2016 16:50,72,68,4,4,0.058823529
6/29/2016 19:00,150,149,1,1,0.006711409
6/29/2016 19:00,150,149,1,1,0.006711409
6/29/2016 19:05,160,148,12,12,0.081081081
6/29/2016 19:10,171,148,23,23,0.155405405
6/29/2016 19:15,182,147,35,35,0.238095238
6/29/2016 19:20,135,149,-14,14,0.093959732
6/29/2016 19:20,149,147,2,2,0.013605442
6/29/2016 19:25,135,150,-15,15,0.1
6/29/2016 19:30,138,149,-11,11,0.073825503
6/29/2016 19:35,137,151,-14,14,0.092715232
6/29/2016 19:40,139,152,-13,13,0.085526316
6/29/2016 19:45,140,150,-10,10,0.066666667
6/29/2016 19:50,138,150,-12,12,0.08
6/29/2016 19:55,138,158,-20,20,0.126582278
6/29/2016 20:00,146,164,-18,18,0.109756098
6/29/2016 20:05,152,165,-13,13,0.078787879
6/29/2016 20:10,153,156,-3,3,0.019230769
6/29/2016 20:15,144,148,-4,4,0.027027027
6/29/2016 20:20,136,148,-12,12,0.081081081
6/29/2016 20:30,123,144,-21,21,0.145833333
6/29/2016 20:35,132,132,0,0,0
6/29/2016 20:40,120,122,-2,2,0.016393443
6/29/2016 20:45,110,117,-7,7,0.05982906
6/29/2016 20:55,92,110,-18,18,0.163636364
6/29/2016 21:15,60,122,-62,62,0.508196721
6/29/2016 21:20,110,110,0,0,0
6/29/2016 21:25,98,101,-3,3,0.02970297
6/29/2016 21:30,89,100,-11,11,0.11
6/29/2016 21:35,88,106,-18,18,0.169811321
6/29/2016 21:40,94,107,-13,13,0.121495327
6/29/2016 21:45,95,106,-11,11,0.103773585
6/29/2016 21:50,94,101,-7,7,0.069306931
6/29/2016 21:55,89,95,-6,6,0.063157895
6/29/2016 22:05,70,95,-25,25,0.263157895
6/29/2016 22:20,58,119,-61,61,0.512605042
6/29/2016 22:25,107,122,-15,15,0.12295082
6/29/2016 22:30,110,129,-19,19,0.147286822
6/29/2016 22:35,117,133,-16,16,0.120300752
6/29/2016 22:50,96,167,-71,71,0.425149701
6/29/2016 23:00,142,169,-27,27,0.159763314
6/29/2016 23:05,157,172,-15,15,0.087209302
6/29/2016 23:10,160,182,-22,22,0.120879121
6/29/2016 23:50,220,230,-10,10,0.043478261
6/29/2016 23:50,220,230,-10,10,0.043478261
6/29/2016 23:55,230,237,-7,7,0.029535865
6/30/2016 0:00,230,238,-8,8,0.033613445
6/30/2016 0:05,230,235,-5,5,0.021276596
6/30/2016 0:10,230,234,-4,4,0.017094017
6/30/2016 0:15,229,237,-8,8,0.033755274
6/30/2016 0:20,232,237,-5,5,0.021097046
6/30/2016 0:25,232,234,-2,2,0.008547009
6/30/2016 0:30,229,230,-1,1,0.004347826
6/30/2016 0:35,225,227,-2,2,0.008810573
6/30/2016 0:40,222,223,-1,1,0.004484305
6/30/2016 0:45,218,218,0,0,0
6/30/2016 0:50,213,215,-2,2,0.009302326
6/30/2016 0:55,210,211,-1,1,0.004739336
6/30/2016 1:00,206,206,0,0,0
6/30/2016 1:05,201,199,2,2,0.010050251
6/30/2016 1:10,194,192,2,2,0.010416667
6/30/2016 1:15,187,186,1,1,0.005376344
6/30/2016 1:20,181,181,0,0,0
6/30/2016 1:25,176,176,0,0,0
6/30/2016 1:30,171,171,0,0,0
6/30/2016 1:35,166,166,0,0,0
6/30/2016 1:40,161,161,0,0,0
6/30/2016 1:45,156,157,-1,1,0.006369427
6/30/2016 1:50,152,153,-1,1,0.006535948
6/30/2016 1:55,148,145,3,3,0.020689655
6/30/2016 2:00,140,138,2,2,0.014492754
6/30/2016 2:05,133,134,-1,1,0.007462687
6/30/2016 2:10,129,126,3,3,0.023809524
6/30/2016 2:15,121,121,0,0,0
6/30/2016 2:20,116,118,-2,2,0.016949153
6/30/2016 2:25,113,116,-3,3,0.025862069
6/30/2016 2:30,111,111,0,0,0
6/30/2016 2:35,106,111,-5,5,0.045045045
6/30/2016 2:40,106,109,-3,3,0.027522936
6/30/2016 2:45,104,107,-3,3,0.028037383
6/30/2016 2:50,102,106,-4,4,0.037735849
6/30/2016 2:55,101,103,-2,2,0.019417476
6/30/2016 3:00,98,97,1,1,0.010309278
6/30/2016 3:05,92,93,-1,1,0.010752688
6/30/2016 3:10,88,91,-3,3,0.032967033
6/30/2016 3:15,86,91,-5,5,0.054945055
6/30/2016 3:20,86,91,-5,5,0.054945055
6/30/2016 3:25,86,90,-4,4,0.044444444
6/30/2016 3:30,85,86,-1,1,0.011627907
6/30/2016 3:35,81,83,-2,2,0.024096386
6/30/2016 3:40,78,82,-4,4,0.048780488
6/30/2016 3:45,77,81,-4,4,0.049382716
6/30/2016 3:50,76,80,-4,4,0.05
6/30/2016 3:55,75,79,-4,4,0.050632911
6/30/2016 4:00,74,78,-4,4,0.051282051
6/30/2016 4:05,73,77,-4,4,0.051948052
6/30/2016 7:42,112,142,-30,30,0.211267606
6/30/2016 7:42,112,142,-30,30,0.211267606
6/30/2016 7:55,149,143,6,6,0.041958042
6/30/2016 8:00,152,148,4,4,0.027027027
6/30/2016 8:25,165,156,9,9,0.057692308
6/30/2016 8:35,143,142,1,1,0.007042254
6/30/2016 8:40,136,138,-2,2,0.014492754
6/30/2016 8:45,138,145,-7,7,0.048275862
6/30/2016 8:45,138,145,-7,7,0.048275862
6/30/2016 8:50,152,130,22,22,0.169230769
6/30/2016 8:55,159,119,40,40,0.336134454
6/30/2016 9:00,166,113,53,53,0.469026549
6/30/2016 9:15,85,127,-42,42,0.330708661
6/30/2016 9:20,118,130,-12,12,0.092307692
6/30/2016 9:30,112,134,-22,22,0.164179104
6/30/2016 9:35,125,137,-12,12,0.087591241
6/30/2016 9:45,119,143,-24,24,0.167832168
6/30/2016 9:50,134,139,-5,5,0.035971223
6/30/2016 9:55,130,135,-5,5,0.037037037
6/30/2016 10:05,117,134,-17,17,0.126865672
6/30/2016 10:20,128,119,9,9,0.075630252
6/30/2016 12:20,117,117,0,0,0
6/30/2016 12:25,115,114,1,1,0.00877193
6/30/2016 12:30,112,112,0,0,0
6/30/2016 12:35,110,115,-5,5,0.043478261
6/30/2016 12:45,111,116,-5,5,0.043103448
6/30/2016 12:55,112,126,-14,14,0.111111111
6/30/2016 13:00,124,142,-18,18,0.126760563
6/30/2016 13:03,142,193,-51,51,0.264248705
6/30/2016 13:03,142,193,-51,51,0.264248705
6/30/2016 15:10,424,194,230,230,1.18556701
6/30/2016 15:15,433,163,270,270,1.656441718
6/30/2016 15:20,442,148,294,294,1.986486486
6/30/2016 15:25,135,140,-5,5,0.035714286
6/30/2016 15:30,127,125,2,2,0.016
6/30/2016 15:35,112,113,-1,1,0.008849558
6/30/2016 15:40,100,101,-1,1,0.00990099
6/30/2016 15:45,100,92,8,8,0.086956522
6/30/2016 16:35,94,94,0,0,0
6/30/2016 19:03,194,181,13,13,0.071823204
6/30/2016 19:03,194,181,13,13,0.071823204
6/30/2016 19:05,194,195,-1,1,0.005128205
6/30/2016 19:10,221,201,20,20,0.099502488
6/30/2016 19:15,248,183,65,65,0.355191257
6/30/2016 19:20,171,185,-14,14,0.075675676
6/30/2016 19:25,173,185,-12,12,0.064864865
6/30/2016 19:30,173,183,-10,10,0.054644809
6/30/2016 19:40,159,184,-25,25,0.135869565
6/30/2016 19:45,172,186,-14,14,0.075268817
6/30/2016 19:55,162,190,-28,28,0.147368421
6/30/2016 20:00,178,191,-13,13,0.068062827
6/30/2016 20:05,179,192,-13,13,0.067708333
6/30/2016 20:10,180,193,-13,13,0.067357513
6/30/2016 20:15,181,196,-15,15,0.076530612
6/30/2016 20:20,184,201,-17,17,0.084577114
6/30/2016 20:25,189,204,-15,15,0.073529412
6/30/2016 20:30,192,205,-13,13,0.063414634
6/30/2016 20:35,193,202,-9,9,0.044554455
6/30/2016 20:40,190,198,-8,8,0.04040404
6/30/2016 20:45,186,196,-10,10,0.051020408
6/30/2016 20:50,184,197,-13,13,0.065989848
6/30/2016 20:55,185,202,-17,17,0.084158416
6/30/2016 21:00,190,206,-16,16,0.077669903
6/30/2016 21:05,194,202,-8,8,0.03960396
6/30/2016 21:15,178,201,-23,23,0.114427861
6/30/2016 21:30,165,205,-40,40,0.195121951
6/30/2016 21:40,181,212,-31,31,0.146226415
6/30/2016 21:45,200,214,-14,14,0.065420561
6/30/2016 21:50,202,214,-12,12,0.056074766
6/30/2016 21:55,202,213,-11,11,0.051643192
6/30/2016 21:57,213,202,11,11,0.054455446
6/30/2016 21:57,213,202,11,11,0.054455446
6/30/2016 22:00,203,202,1,1,0.004950495
6/30/2016 22:05,205,203,2,2,0.009852217
6/30/2016 22:10,207,202,5,5,0.024752475
6/30/2016 22:15,196,210,-14,14,0.066666667
6/30/2016 22:20,204,215,-11,11,0.051162791
6/30/2016 22:25,210,211,-1,1,0.004739336
6/30/2016 22:30,206,202,4,4,0.01980198
6/30/2016 22:35,196,193,3,3,0.015544041
6/30/2016 22:40,188,186,2,2,0.010752688
6/30/2016 22:45,180,180,0,0,0
6/30/2016 22:50,174,177,-3,3,0.016949153
6/30/2016 22:55,172,177,-5,5,0.028248588
6/30/2016 23:00,172,177,-5,5,0.028248588
6/30/2016 23:05,172,178,-6,6,0.033707865
6/30/2016 23:10,172,178,-6,6,0.033707865
6/30/2016 23:15,172,176,-4,4,0.022727273
6/30/2016 23:20,170,173,-3,3,0.01734104
6/30/2016 23:25,168,172,-4,4,0.023255814
6/30/2016 23:30,166,166,0,0,0
6/30/2016 23:35,160,164,-4,4,0.024390244
6/30/2016 23:40,158,165,-7,7,0.042424242
6/30/2016 23:45,160,162,-2,2,0.012345679
6/30/2016 23:50,156,160,-4,4,0.025
6/30/2016 23:55,154,159,-5,5,0.031446541
7/1/2016 0:00,154,157,-3,3,0.01910828
7/1/2016 0:05,152,154,-2,2,0.012987013
7/1/2016 0:10,148,151,-3,3,0.01986755
7/1/2016 0:15,146,149,-3,3,0.020134228
7/1/2016 0:20,144,147,-3,3,0.020408163
7/1/2016 0:25,142,146,-4,4,0.02739726
7/1/2016 0:30,140,139,1,1,0.007194245
7/1/2016 0:35,134,134,0,0,0
7/1/2016 0:40,128,130,-2,2,0.015384615
7/1/2016 0:45,124,128,-4,4,0.03125
7/1/2016 0:50,122,128,-6,6,0.046875
7/1/2016 0:55,122,128,-6,6,0.046875
7/1/2016 1:00,122,128,-6,6,0.046875
7/1/2016 1:05,122,127,-5,5,0.039370079
7/1/2016 1:10,122,126,-4,4,0.031746032
7/1/2016 1:15,120,126,-6,6,0.047619048
7/1/2016 1:20,120,127,-7,7,0.05511811
7/1/2016 1:25,122,128,-6,6,0.046875
7/1/2016 1:30,122,130,-8,8,0.061538462
7/1/2016 1:35,124,132,-8,8,0.060606061
7/1/2016 1:40,127,137,-10,10,0.072992701
7/1/2016 1:45,132,140,-8,8,0.057142857
7/1/2016 1:50,134,142,-8,8,0.056338028
7/1/2016 1:55,136,145,-9,9,0.062068966
7/1/2016 2:00,139,148,-9,9,0.060810811
7/1/2016 2:05,143,150,-7,7,0.046666667
7/1/2016 2:10,144,151,-7,7,0.046357616
7/1/2016 7:10,94,95,-1,1,0.010526316
7/1/2016 7:10,94,95,-1,1,0.010526316
7/1/2016 7:15,99,97,2,2,0.020618557
7/1/2016 7:20,103,101,2,2,0.01980198
7/1/2016 7:25,107,105,2,2,0.019047619
7/1/2016 7:30,98,110,-12,12,0.109090909
7/1/2016 7:35,103,119,-16,16,0.134453782
7/1/2016 7:40,112,127,-15,15,0.118110236
7/1/2016 7:50,114,128,-14,14,0.109375
7/1/2016 7:55,121,126,-5,5,0.03968254
7/1/2016 8:20,93,118,-25,25,0.211864407
7/1/2016 8:25,111,115,-4,4,0.034782609
7/1/2016 8:30,108,113,-5,5,0.044247788
7/1/2016 8:35,106,110,-4,4,0.036363636
7/1/2016 8:40,103,116,-13,13,0.112068966
7/1/2016 8:45,109,121,-12,12,0.099173554
7/1/2016 8:50,114,122,-8,8,0.06557377
7/1/2016 8:55,115,123,-8,8,0.06504065
7/1/2016 9:10,103,123,-20,20,0.162601626
7/1/2016 9:15,116,124,-8,8,0.064516129
7/1/2016 9:20,117,125,-8,8,0.064
7/1/2016 9:25,118,123,-5,5,0.040650407
7/1/2016 9:30,116,125,-9,9,0.072
7/1/2016 9:35,118,126,-8,8,0.063492063
7/1/2016 9:40,119,128,-9,9,0.0703125
7/1/2016 9:45,121,131,-10,10,0.076335878
7/1/2016 9:50,124,132,-8,8,0.060606061
7/1/2016 9:55,125,132,-7,7,0.053030303
7/1/2016 10:00,125,131,-6,6,0.045801527
7/1/2016 10:05,124,134,-10,10,0.074626866
7/1/2016 10:10,127,129,-2,2,0.015503876
7/1/2016 10:15,122,125,-3,3,0.024
7/1/2016 10:20,118,129,-11,11,0.085271318
7/1/2016 10:25,122,128,-6,6,0.046875
7/1/2016 10:30,121,126,-5,5,0.03968254
7/1/2016 10:35,119,125,-6,6,0.048
7/1/2016 10:40,118,130,-12,12,0.092307692
7/1/2016 10:45,123,132,-9,9,0.068181818
7/1/2016 10:50,125,134,-9,9,0.067164179
7/1/2016 10:55,127,137,-10,10,0.072992701
7/1/2016 11:00,130,137,-7,7,0.051094891
7/1/2016 11:05,130,140,-10,10,0.071428571
7/1/2016 11:10,133,144,-11,11,0.076388889
7/1/2016 11:15,137,147,-10,10,0.068027211
7/1/2016 11:20,140,148,-8,8,0.054054054
7/1/2016 11:25,141,151,-10,10,0.066225166
7/1/2016 12:05,197,204,-7,7,0.034313725
7/1/2016 12:05,197,204,-7,7,0.034313725
7/1/2016 14:05,548,287,261,261,0.909407666
7/1/2016 14:10,562,285,277,277,0.971929825
7/1/2016 14:15,576,280,296,296,1.057142857
7/1/2016 14:20,262,276,-14,14,0.050724638
7/1/2016 14:25,258,267,-9,9,0.033707865
7/1/2016 14:30,249,260,-11,11,0.042307692
7/1/2016 14:35,242,255,-13,13,0.050980392
7/1/2016 14:40,237,250,-13,13,0.052
7/1/2016 14:45,232,249,-17,17,0.068273092
7/1/2016 14:49,234,155,79,79,0.509677419
7/1/2016 14:50,151,172,-21,21,0.122093023
7/1/2016 14:55,154,165,-11,11,0.066666667
7/1/2016 15:00,147,162,-15,15,0.092592593
7/1/2016 15:05,144,155,-11,11,0.070967742
7/1/2016 15:10,137,152,-15,15,0.098684211
7/1/2016 15:15,134,143,-9,9,0.062937063
7/1/2016 15:40,52,107,-55,55,0.514018692
7/1/2016 15:45,89,96,-7,7,0.072916667
7/1/2016 15:50,78,87,-9,9,0.103448276
7/1/2016 15:55,69,79,-10,10,0.126582278
7/1/2016 16:00,61,72,-11,11,0.152777778
7/1/2016 16:05,54,66,-12,12,0.181818182
7/1/2016 16:10,48,62,-14,14,0.225806452
7/1/2016 16:15,44,54,-10,10,0.185185185
7/1/2016 16:20,36,44,-8,8,0.181818182
7/1/2016 18:00,112,111,1,1,0.009009009
7/1/2016 18:00,112,111,1,1,0.009009009
7/1/2016 18:05,116,106,10,10,0.094339623
7/1/2016 18:10,121,101,20,20,0.198019802
7/1/2016 18:15,126,95,31,31,0.326315789
7/1/2016 18:20,89,91,-2,2,0.021978022
7/1/2016 18:25,85,87,-2,2,0.022988506
7/1/2016 18:30,81,84,-3,3,0.035714286
7/1/2016 18:35,78,82,-4,4,0.048780488
7/1/2016 18:40,76,85,-9,9,0.105882353
7/1/2016 18:45,79,87,-8,8,0.091954023
7/1/2016 18:50,81,90,-9,9,0.1
7/1/2016 18:55,84,91,-7,7,0.076923077
7/1/2016 19:00,85,95,-10,10,0.105263158
7/1/2016 19:05,89,104,-15,15,0.144230769
7/1/2016 19:10,98,119,-21,21,0.176470588
7/1/2016 19:15,113,134,-21,21,0.156716418
7/1/2016 19:20,128,147,-19,19,0.129251701
7/1/2016 19:25,141,155,-14,14,0.090322581
7/1/2016 19:30,149,165,-16,16,0.096969697
7/1/2016 19:50,142,185,-43,43,0.232432432
7/1/2016 19:55,179,179,0,0,0
7/1/2016 20:00,173,174,-1,1,0.005747126
7/1/2016 20:10,162,170,-8,8,0.047058824
7/1/2016 20:20,158,162,-4,4,0.024691358
7/1/2016 20:25,156,159,-3,3,0.018867925
7/1/2016 20:30,153,157,-4,4,0.025477707
7/1/2016 20:35,151,159,-8,8,0.050314465
7/1/2016 20:40,153,160,-7,7,0.04375
7/1/2016 20:45,154,157,-3,3,0.01910828
7/1/2016 20:50,151,157,-6,6,0.038216561
7/1/2016 21:15,128,155,-27,27,0.174193548
7/1/2016 21:20,149,154,-5,5,0.032467532
7/1/2016 21:40,130,155,-25,25,0.161290323
7/1/2016 21:45,149,155,-6,6,0.038709677
7/1/2016 21:50,149,158,-9,9,0.056962025
7/1/2016 21:55,152,159,-7,7,0.044025157
7/1/2016 22:00,153,159,-6,6,0.037735849
7/1/2016 22:05,153,156,-3,3,0.019230769
7/1/2016 22:10,150,156,-6,6,0.038461538
7/1/2016 22:12,156,203,-47,47,0.231527094
7/1/2016 22:12,156,203,-47,47,0.231527094
7/1/2016 22:15,203,186,17,17,0.091397849
7/1/2016 22:20,203,187,16,16,0.085561497
7/1/2016 22:25,203,185,18,18,0.097297297
7/1/2016 22:30,182,184,-2,2,0.010869565
7/1/2016 22:35,181,181,0,0,0
7/1/2016 22:40,178,176,2,2,0.011363636
7/1/2016 22:45,173,171,2,2,0.011695906
7/1/2016 22:50,168,166,2,2,0.012048193
7/1/2016 22:55,163,161,2,2,0.01242236
7/1/2016 23:00,158,157,1,1,0.006369427
7/1/2016 23:05,154,156,-2,2,0.012820513
7/1/2016 23:10,153,153,0,0,0
7/1/2016 23:15,150,149,1,1,0.006711409
7/1/2016 23:20,146,145,1,1,0.006896552
7/1/2016 23:25,142,140,2,2,0.014285714
7/1/2016 23:30,137,137,0,0,0
7/1/2016 23:35,134,136,-2,2,0.014705882
7/1/2016 23:40,133,143,-10,10,0.06993007
7/1/2016 23:45,140,139,1,1,0.007194245
7/1/2016 23:50,136,136,0,0,0
7/1/2016 23:55,133,134,-1,1,0.007462687
7/2/2016 0:00,131,134,-3,3,0.02238806
7/2/2016 0:05,131,134,-3,3,0.02238806
7/2/2016 0:10,131,134,-3,3,0.02238806
7/2/2016 0:15,131,133,-2,2,0.015037594
7/2/2016 0:20,130,132,-2,2,0.015151515
7/2/2016 0:25,129,135,-6,6,0.044444444
7/2/2016 0:30,132,133,-1,1,0.007518797
7/2/2016 0:35,130,131,-1,1,0.007633588
7/2/2016 0:40,128,129,-1,1,0.007751938
7/2/2016 0:45,126,127,-1,1,0.007874016
7/2/2016 0:50,124,125,-1,1,0.008
7/2/2016 0:55,122,123,-1,1,0.008130081
7/2/2016 1:00,120,124,-4,4,0.032258065
7/2/2016 1:05,121,122,-1,1,0.008196721
7/2/2016 1:10,119,120,-1,1,0.008333333
7/2/2016 1:15,117,119,-2,2,0.016806723
7/2/2016 1:20,116,118,-2,2,0.016949153
7/2/2016 1:25,115,117,-2,2,0.017094017
7/2/2016 1:30,114,114,0,0,0
7/2/2016 1:35,111,112,-1,1,0.008928571
7/2/2016 1:40,109,112,-3,3,0.026785714
7/2/2016 1:45,109,113,-4,4,0.03539823
7/2/2016 1:50,110,114,-4,4,0.035087719
7/2/2016 1:55,111,116,-5,5,0.043103448
7/2/2016 2:00,113,117,-4,4,0.034188034
7/2/2016 2:05,114,118,-4,4,0.033898305
7/2/2016 2:10,115,116,-1,1,0.00862069
7/2/2016 2:15,113,117,-4,4,0.034188034
7/2/2016 2:20,114,118,-4,4,0.033898305
7/2/2016 2:25,115,119,-4,4,0.033613445
7/2/2016 9:40,81,84,-3,3,0.035714286
7/2/2016 9:40,81,84,-3,3,0.035714286
7/2/2016 9:45,91,91,0,0,0
7/2/2016 10:00,111,126,-15,15,0.119047619
7/2/2016 10:05,118,128,-10,10,0.078125
7/2/2016 10:10,121,128,-7,7,0.0546875
7/2/2016 10:15,121,128,-7,7,0.0546875
7/2/2016 10:20,126,130,-4,4,0.030769231
7/2/2016 11:05,128,128,0,0,0
7/2/2016 11:10,126,127,-1,1,0.007874016
7/2/2016 11:15,125,125,0,0,0
7/2/2016 11:20,123,124,-1,1,0.008064516
7/2/2016 11:25,122,123,-1,1,0.008130081
7/2/2016 11:30,121,123,-2,2,0.016260163
7/2/2016 11:45,117,122,-5,5,0.040983607
7/2/2016 11:50,120,121,-1,1,0.008264463
7/2/2016 11:55,119,120,-1,1,0.008333333
7/2/2016 12:00,118,121,-3,3,0.024793388
7/2/2016 12:05,119,120,-1,1,0.008333333
7/2/2016 12:10,118,124,-6,6,0.048387097
7/2/2016 12:13,124,152,-28,28,0.184210526
7/2/2016 12:13,124,152,-28,28,0.184210526
7/2/2016 12:15,156,136,20,20,0.147058824
7/2/2016 12:20,166,144,22,22,0.152777778
7/2/2016 12:25,176,140,36,36,0.257142857
7/2/2016 12:30,128,141,-13,13,0.092198582
7/2/2016 12:35,129,149,-20,20,0.134228188
7/2/2016 12:40,137,158,-21,21,0.132911392
7/2/2016 12:45,146,169,-23,23,0.136094675
7/2/2016 12:50,157,181,-24,24,0.132596685
7/2/2016 12:55,169,188,-19,19,0.10106383
7/2/2016 13:00,176,191,-15,15,0.078534031
7/2/2016 13:05,179,188,-9,9,0.04787234
7/2/2016 13:20,151,183,-32,32,0.174863388
7/2/2016 13:25,171,185,-14,14,0.075675676
7/2/2016 13:30,173,192,-19,19,0.098958333
7/2/2016 13:35,180,191,-11,11,0.057591623
7/2/2016 13:40,179,186,-7,7,0.037634409
7/2/2016 13:45,174,186,-12,12,0.064516129
7/2/2016 13:50,174,185,-11,11,0.059459459
7/2/2016 13:55,173,178,-5,5,0.028089888
7/2/2016 14:05,153,156,-3,3,0.019230769
7/2/2016 14:10,144,149,-5,5,0.033557047
7/2/2016 14:20,124,134,-10,10,0.074626866
7/2/2016 14:25,122,128,-6,6,0.046875
7/2/2016 14:30,116,122,-6,6,0.049180328
7/2/2016 14:35,110,116,-6,6,0.051724138
7/2/2016 14:45,91,105,-14,14,0.133333333
7/2/2016 14:50,93,101,-8,8,0.079207921
7/2/2016 14:55,89,98,-9,9,0.091836735
7/2/2016 15:05,73,88,-15,15,0.170454545
7/2/2016 15:10,76,83,-7,7,0.084337349
7/2/2016 15:15,71,76,-5,5,0.065789474
7/2/2016 15:25,51,68,-17,17,0.25
7/2/2016 15:30,56,64,-8,8,0.125
7/2/2016 15:35,52,63,-11,11,0.174603175
7/2/2016 15:40,51,62,-11,11,0.177419355
7/2/2016 15:45,50,64,-14,14,0.21875
7/2/2016 15:50,52,71,-19,19,0.267605634
7/2/2016 15:55,59,84,-25,25,0.297619048
7/2/2016 16:00,72,91,-19,19,0.208791209
7/2/2016 16:05,79,103,-24,24,0.233009709
7/2/2016 16:10,91,119,-28,28,0.235294118
7/2/2016 16:15,107,139,-32,32,0.230215827
7/2/2016 16:20,127,150,-23,23,0.153333333
7/2/2016 16:40,170,183,-13,13,0.071038251
7/2/2016 16:40,170,183,-13,13,0.071038251
7/2/2016 16:45,183,202,-19,19,0.094059406
7/2/2016 16:55,183,208,-25,25,0.120192308
7/2/2016 17:00,183,227,-44,44,0.193832599
7/2/2016 17:05,224,274,-50,50,0.182481752
7/2/2016 17:15,269,290,-21,21,0.072413793
7/2/2016 17:20,287,312,-25,25,0.080128205
7/2/2016 17:25,309,310,-1,1,0.003225806
7/2/2016 17:30,307,322,-15,15,0.046583851
7/2/2016 17:35,319,324,-5,5,0.015432099
7/2/2016 17:45,319,338,-19,19,0.056213018
7/2/2016 17:50,335,342,-7,7,0.020467836
7/2/2016 17:55,339,339,0,0,0
7/2/2016 18:00,336,338,-2,2,0.00591716
7/2/2016 18:05,335,335,0,0,0
7/2/2016 18:10,332,326,6,6,0.018404908
7/2/2016 18:15,323,318,5,5,0.01572327
7/2/2016 18:20,315,308,7,7,0.022727273
7/2/2016 18:25,308,301,7,7,0.023255814
7/2/2016 18:25,308,301,7,7,0.023255814
7/2/2016 18:30,301,294,7,7,0.023809524
7/2/2016 18:35,301,283,18,18,0.06360424
7/2/2016 18:40,301,272,29,29,0.106617647
7/2/2016 18:45,268,258,10,10,0.03875969
7/2/2016 18:50,254,244,10,10,0.040983607
7/2/2016 18:55,243,233,10,10,0.042918455
7/2/2016 19:30,151,151,0,0,0
7/2/2016 19:35,150,141,9,9,0.063829787
7/2/2016 19:40,140,130,10,10,0.076923077
7/2/2016 19:45,129,121,8,8,0.066115702
7/2/2016 19:50,120,110,10,10,0.090909091
7/2/2016 19:55,109,102,7,7,0.068627451
7/2/2016 20:00,99,96,3,3,0.03125
7/2/2016 20:05,93,90,3,3,0.033333333
7/2/2016 20:10,87,86,1,1,0.011627907
7/2/2016 20:15,83,83,0,0,0
7/2/2016 20:20,80,80,0,0,0
7/2/2016 20:25,77,76,1,1,0.013157895
7/2/2016 20:30,73,71,2,2,0.028169014
7/2/2016 20:35,68,69,-1,1,0.014492754
7/2/2016 20:40,66,66,0,0,0
7/2/2016 20:45,63,62,1,1,0.016129032
7/2/2016 20:50,59,62,-3,3,0.048387097
7/2/2016 20:55,59,64,-5,5,0.078125
7/2/2016 21:00,61,71,-10,10,0.14084507
7/2/2016 21:05,68,80,-12,12,0.15
7/2/2016 21:10,77,88,-11,11,0.125
7/2/2016 21:15,85,97,-12,12,0.12371134
7/2/2016 21:20,94,107,-13,13,0.121495327
7/2/2016 21:25,104,116,-12,12,0.103448276
7/2/2016 21:30,113,123,-10,10,0.081300813
7/2/2016 21:35,123,137,-14,14,0.102189781
7/2/2016 21:35,123,137,-14,14,0.102189781
7/2/2016 21:40,156,146,10,10,0.068493151
7/2/2016 21:45,175,152,23,23,0.151315789
7/2/2016 21:50,194,165,29,29,0.175757576
7/2/2016 21:55,150,174,-24,24,0.137931034
7/2/2016 22:00,159,178,-19,19,0.106741573
7/2/2016 22:05,178,182,-4,4,0.021978022
7/2/2016 22:05,178,182,-4,4,0.021978022
7/2/2016 22:10,187,190,-3,3,0.015789474
7/2/2016 22:15,192,194,-2,2,0.010309278
7/2/2016 22:20,197,204,-7,7,0.034313725
7/2/2016 22:25,195,211,-16,16,0.075829384
7/2/2016 22:30,202,211,-9,9,0.042654028
7/2/2016 22:35,202,212,-10,10,0.047169811
7/2/2016 22:40,203,214,-11,11,0.051401869
7/2/2016 22:45,205,220,-15,15,0.068181818
7/2/2016 22:50,211,225,-14,14,0.062222222
7/2/2016 22:55,216,226,-10,10,0.044247788
7/2/2016 23:00,217,229,-12,12,0.052401747
7/2/2016 23:05,220,231,-11,11,0.047619048
7/2/2016 23:10,222,232,-10,10,0.043103448
7/2/2016 23:15,223,231,-8,8,0.034632035
7/2/2016 23:20,222,231,-9,9,0.038961039
7/2/2016 23:25,222,228,-6,6,0.026315789
7/2/2016 23:30,219,224,-5,5,0.022321429
7/2/2016 23:35,215,219,-4,4,0.01826484
7/2/2016 23:40,210,210,0,0,0
7/2/2016 23:45,201,201,0,0,0
7/2/2016 23:50,192,196,-4,4,0.020408163
7/2/2016 23:55,187,191,-4,4,0.020942408
7/3/2016 0:00,182,191,-9,9,0.047120419
7/3/2016 0:05,182,191,-9,9,0.047120419
7/3/2016 0:10,182,193,-11,11,0.056994819
7/3/2016 0:15,184,195,-11,11,0.056410256
7/3/2016 0:18,195,205,-10,10,0.048780488
7/3/2016 0:18,195,205,-10,10,0.048780488
7/3/2016 0:20,205,190,15,15,0.078947368
7/3/2016 0:25,205,192,13,13,0.067708333
7/3/2016 0:30,205,200,5,5,0.025
7/3/2016 0:35,197,200,-3,3,0.015
7/3/2016 0:40,197,199,-2,2,0.010050251
7/3/2016 0:45,196,197,-1,1,0.005076142
7/3/2016 0:50,194,193,1,1,0.005181347
7/3/2016 0:55,190,190,0,0,0
7/3/2016 1:00,187,187,0,0,0
7/3/2016 1:05,184,183,1,1,0.005464481
7/3/2016 1:10,180,179,1,1,0.005586592
7/3/2016 1:15,176,175,1,1,0.005714286
7/3/2016 1:20,172,170,2,2,0.011764706
7/3/2016 1:25,167,165,2,2,0.012121212
7/3/2016 1:30,162,161,1,1,0.00621118
7/3/2016 1:35,158,159,-1,1,0.006289308
7/3/2016 1:40,156,157,-1,1,0.006369427
7/3/2016 1:45,154,156,-2,2,0.012820513
7/3/2016 1:50,153,153,0,0,0
7/3/2016 1:55,150,151,-1,1,0.006622517
7/3/2016 2:00,148,149,-1,1,0.006711409
7/3/2016 2:05,146,147,-1,1,0.006802721
7/3/2016 2:10,144,142,2,2,0.014084507
7/3/2016 2:15,139,137,2,2,0.01459854
7/3/2016 2:20,134,133,1,1,0.007518797
7/3/2016 2:25,130,128,2,2,0.015625
7/3/2016 2:30,125,123,2,2,0.016260163
7/3/2016 2:35,120,119,1,1,0.008403361
7/3/2016 2:40,116,118,-2,2,0.016949153
7/3/2016 2:45,115,119,-4,4,0.033613445
7/3/2016 2:50,116,119,-3,3,0.025210084
7/3/2016 2:55,116,119,-3,3,0.025210084
7/3/2016 3:00,116,116,0,0,0
7/3/2016 3:05,113,112,1,1,0.008928571
7/3/2016 3:10,109,109,0,0,0
7/3/2016 3:15,106,106,0,0,0
7/3/2016 3:20,103,105,-2,2,0.019047619
7/3/2016 3:25,102,107,-5,5,0.046728972
7/3/2016 3:30,104,110,-6,6,0.054545455
7/3/2016 3:35,107,113,-6,6,0.053097345
7/3/2016 3:40,110,117,-7,7,0.05982906
7/3/2016 3:45,114,120,-6,6,0.05
7/3/2016 3:50,117,123,-6,6,0.048780488
7/3/2016 3:55,120,127,-7,7,0.05511811
7/3/2016 4:00,124,132,-8,8,0.060606061
7/3/2016 4:05,129,138,-9,9,0.065217391
7/3/2016 4:10,135,146,-11,11,0.075342466
7/3/2016 4:15,143,153,-10,10,0.065359477
7/3/2016 4:20,150,159,-9,9,0.056603774
7/3/2016 4:25,156,162,-6,6,0.037037037
7/3/2016 4:30,159,168,-9,9,0.053571429
7/3/2016 4:55,202,207,-5,5,0.024154589
7/3/2016 4:55,202,207,-5,5,0.024154589
7/3/2016 5:00,207,208,-1,1,0.004807692
7/3/2016 5:05,207,204,3,3,0.014705882
7/3/2016 5:10,207,202,5,5,0.024752475
7/3/2016 5:15,197,204,-7,7,0.034313725
7/3/2016 5:20,199,206,-7,7,0.033980583
7/3/2016 5:25,201,209,-8,8,0.038277512
7/3/2016 5:30,204,211,-7,7,0.033175355
7/3/2016 5:35,206,211,-5,5,0.023696682
7/3/2016 5:40,206,212,-6,6,0.028301887
7/3/2016 5:45,207,214,-7,7,0.03271028
7/3/2016 5:50,209,210,-1,1,0.004761905
7/3/2016 5:55,205,208,-3,3,0.014423077
7/3/2016 6:00,203,206,-3,3,0.014563107
7/3/2016 6:05,201,204,-3,3,0.014705882
7/3/2016 6:10,199,201,-2,2,0.009950249
7/3/2016 6:15,196,197,-1,1,0.005076142
7/3/2016 6:20,192,192,0,0,0
7/3/2016 6:25,187,191,-4,4,0.020942408
7/3/2016 6:30,186,190,-4,4,0.021052632
7/3/2016 6:35,185,187,-2,2,0.010695187
7/3/2016 6:40,182,185,-3,3,0.016216216
7/3/2016 6:45,180,183,-3,3,0.016393443
7/3/2016 6:50,178,181,-3,3,0.016574586
7/3/2016 6:55,181,179,2,2,0.011173184
7/3/2016 6:55,181,179,2,2,0.011173184
7/3/2016 7:00,179,175,4,4,0.022857143
7/3/2016 7:05,179,176,3,3,0.017045455
7/3/2016 7:10,179,173,6,6,0.034682081
7/3/2016 7:15,168,171,-3,3,0.01754386
7/3/2016 7:20,166,168,-2,2,0.011904762
7/3/2016 7:25,163,167,-4,4,0.023952096
7/3/2016 7:30,162,166,-4,4,0.024096386
7/3/2016 7:35,161,165,-4,4,0.024242424
7/3/2016 7:40,160,163,-3,3,0.018404908
7/3/2016 7:45,158,160,-2,2,0.0125
7/3/2016 7:50,155,156,-1,1,0.006410256
7/3/2016 7:55,151,150,1,1,0.006666667
7/3/2016 8:00,145,145,0,0,0
7/3/2016 8:05,140,140,0,0,0
7/3/2016 8:10,135,136,-1,1,0.007352941
7/3/2016 8:15,131,130,1,1,0.007692308
7/3/2016 8:20,125,125,0,0,0
7/3/2016 8:25,120,119,1,1,0.008403361
7/3/2016 8:30,114,114,0,0,0
7/3/2016 8:35,109,109,0,0,0
7/3/2016 8:40,104,105,-1,1,0.00952381
7/3/2016 8:45,100,100,0,0,0
7/3/2016 8:50,95,97,-2,2,0.020618557
7/3/2016 8:55,92,93,-1,1,0.010752688
7/3/2016 9:00,88,91,-3,3,0.032967033
7/3/2016 9:05,86,89,-3,3,0.033707865
7/3/2016 9:10,84,88,-4,4,0.045454545
7/3/2016 9:15,83,87,-4,4,0.045977011
7/3/2016 9:20,82,87,-5,5,0.057471264
7/3/2016 9:25,82,86,-4,4,0.046511628
7/3/2016 9:30,81,85,-4,4,0.047058824
7/3/2016 9:35,80,86,-6,6,0.069767442
7/3/2016 9:40,81,89,-8,8,0.08988764
7/3/2016 9:44,85,100,-15,15,0.15
7/3/2016 9:45,99,99,0,0,0
7/3/2016 9:50,94,103,-9,9,0.087378641
7/3/2016 9:55,98,101,-3,3,0.02970297
7/3/2016 10:00,96,103,-7,7,0.067961165
7/3/2016 10:05,98,106,-8,8,0.075471698
7/3/2016 10:10,101,116,-15,15,0.129310345
7/3/2016 10:15,111,125,-14,14,0.112
7/3/2016 10:20,120,132,-12,12,0.090909091
7/3/2016 10:25,127,138,-11,11,0.079710145
7/3/2016 10:30,138,141,-3,3,0.021276596
7/3/2016 10:30,138,141,-3,3,0.021276596
7/3/2016 10:35,148,144,4,4,0.027777778
7/3/2016 10:45,162,154,8,8,0.051948052
7/3/2016 10:50,169,162,7,7,0.043209877
7/3/2016 10:55,154,167,-13,13,0.077844311
7/3/2016 11:00,159,169,-10,10,0.059171598
7/3/2016 11:05,161,170,-9,9,0.052941176
7/3/2016 11:10,162,167,-5,5,0.02994012
7/3/2016 11:15,159,163,-4,4,0.024539877
7/3/2016 11:20,155,162,-7,7,0.043209877
7/3/2016 11:30,146,162,-16,16,0.098765432
7/3/2016 11:35,154,164,-10,10,0.06097561
7/3/2016 11:40,156,162,-6,6,0.037037037
7/3/2016 11:45,154,161,-7,7,0.043478261
7/3/2016 11:50,153,159,-6,6,0.037735849
7/3/2016 11:55,151,158,-7,7,0.044303797
7/3/2016 12:00,150,152,-2,2,0.013157895
7/3/2016 12:03,147,134,13,13,0.097014925
7/3/2016 12:05,131,127,4,4,0.031496063
7/3/2016 12:10,119,122,-3,3,0.024590164
7/3/2016 12:15,114,136,-22,22,0.161764706
7/3/2016 12:20,128,134,-6,6,0.044776119
7/3/2016 12:30,117,124,-7,7,0.056451613
7/3/2016 12:35,116,120,-4,4,0.033333333
7/3/2016 12:40,112,119,-7,7,0.058823529
7/3/2016 12:45,111,117,-6,6,0.051282051
7/3/2016 12:50,109,114,-5,5,0.043859649
7/3/2016 12:55,106,109,-3,3,0.027522936
7/3/2016 13:00,101,104,-3,3,0.028846154
7/3/2016 13:05,104,100,4,4,0.04
7/3/2016 13:05,104,100,4,4,0.04
7/3/2016 18:45,146,140,6,6,0.042857143
7/3/2016 18:45,146,140,6,6,0.042857143
7/3/2016 19:00,195,153,42,42,0.274509804
7/3/2016 19:30,305,201,104,104,0.517412935
7/3/2016 19:40,342,214,128,128,0.598130841
7/3/2016 19:45,194,215,-21,21,0.097674419
7/3/2016 19:55,175,214,-39,39,0.182242991
7/3/2016 20:05,174,205,-31,31,0.151219512
7/3/2016 20:10,185,201,-16,16,0.07960199
7/3/2016 20:25,141,205,-64,64,0.312195122
7/3/2016 20:30,185,208,-23,23,0.110576923
7/3/2016 20:35,188,205,-17,17,0.082926829
7/3/2016 20:40,185,202,-17,17,0.084158416
7/3/2016 20:45,182,200,-18,18,0.09
7/3/2016 20:50,180,197,-17,17,0.086294416
7/3/2016 20:55,177,191,-14,14,0.073298429
7/3/2016 21:00,171,190,-19,19,0.1
7/3/2016 21:05,170,182,-12,12,0.065934066
7/3/2016 21:10,162,181,-19,19,0.104972376
7/3/2016 21:15,161,181,-20,20,0.110497238
7/3/2016 21:25,141,169,-28,28,0.165680473
7/3/2016 21:30,149,163,-14,14,0.085889571
7/3/2016 21:35,143,160,-17,17,0.10625
7/3/2016 21:40,140,156,-16,16,0.102564103
7/3/2016 21:45,136,155,-19,19,0.122580645
7/3/2016 21:50,135,153,-18,18,0.117647059
7/3/2016 21:55,133,145,-12,12,0.082758621
7/3/2016 22:00,125,142,-17,17,0.11971831
7/3/2016 22:05,122,139,-17,17,0.122302158
7/3/2016 22:15,99,130,-31,31,0.238461538
7/3/2016 22:20,110,127,-17,17,0.133858268
7/3/2016 22:25,107,125,-18,18,0.144
7/3/2016 22:30,105,119,-14,14,0.117647059
7/3/2016 22:35,99,110,-11,11,0.1
7/3/2016 22:40,90,103,-13,13,0.126213592
7/3/2016 22:45,83,98,-15,15,0.153061224
7/3/2016 22:50,78,97,-19,19,0.195876289
7/3/2016 22:55,77,96,-19,19,0.197916667
7/3/2016 23:00,76,97,-21,21,0.216494845
7/4/2016 9:22,140,161,-21,21,0.130434783
7/4/2016 9:22,140,161,-21,21,0.130434783
7/4/2016 9:25,169,162,7,7,0.043209877
7/4/2016 9:30,185,154,31,31,0.201298701
7/4/2016 9:35,201,157,44,44,0.280254777
7/4/2016 9:40,147,163,-16,16,0.098159509
7/4/2016 9:45,153,172,-19,19,0.110465116
7/4/2016 9:50,162,172,-10,10,0.058139535
7/4/2016 9:55,170,166,4,4,0.024096386
7/4/2016 10:50,164,164,0,0,0
7/4/2016 11:35,152,152,0,0,0
7/4/2016 11:40,150,148,2,2,0.013513514
7/4/2016 11:45,146,144,2,2,0.013888889
7/4/2016 11:50,142,141,1,1,0.007092199
7/4/2016 11:55,139,137,2,2,0.01459854
7/4/2016 12:00,135,131,4,4,0.030534351
7/4/2016 12:05,129,123,6,6,0.048780488
7/4/2016 12:10,121,119,2,2,0.016806723
7/4/2016 12:15,117,117,0,0,0
7/4/2016 12:45,112,112,0,0,0
7/4/2016 12:50,110,114,-4,4,0.035087719
7/4/2016 12:55,112,117,-5,5,0.042735043
7/4/2016 13:00,115,123,-8,8,0.06504065
7/4/2016 13:10,119,130,-11,11,0.084615385
7/4/2016 13:15,128,131,-3,3,0.022900763
7/4/2016 13:20,129,132,-3,3,0.022727273
7/4/2016 13:25,130,132,-2,2,0.015151515
7/4/2016 13:30,130,136,-6,6,0.044117647
7/4/2016 14:35,205,206,-1,1,0.004854369
7/4/2016 14:35,205,206,-1,1,0.004854369
7/4/2016 14:40,214,207,7,7,0.033816425
7/4/2016 14:50,231,217,14,14,0.064516129
7/4/2016 15:10,264,220,44,44,0.2
7/4/2016 15:15,209,222,-13,13,0.058558559
7/4/2016 15:20,211,221,-10,10,0.045248869
7/4/2016 15:40,176,224,-48,48,0.214285714
7/4/2016 15:45,213,225,-12,12,0.053333333
7/4/2016 15:50,214,226,-12,12,0.053097345
7/4/2016 15:55,215,227,-12,12,0.052863436
7/4/2016 16:00,216,233,-17,17,0.072961373
7/4/2016 16:05,222,234,-12,12,0.051282051
7/4/2016 16:20,234,241,-7,7,0.029045643
7/4/2016 16:20,234,241,-7,7,0.029045643
7/4/2016 16:30,241,242,-1,1,0.004132231
7/4/2016 16:35,241,239,2,2,0.008368201
7/4/2016 16:40,241,237,4,4,0.016877637
7/4/2016 16:45,233,235,-2,2,0.008510638
7/4/2016 16:50,231,233,-2,2,0.008583691
7/4/2016 17:00,226,240,-14,14,0.058333333
7/4/2016 17:05,239,241,-2,2,0.008298755
7/4/2016 17:45,231,231,0,0,0
7/4/2016 18:00,228,221,7,7,0.031674208
7/4/2016 18:05,220,216,4,4,0.018518519
7/4/2016 18:40,172,172,0,0,0
7/4/2016 18:45,171,162,9,9,0.055555556
7/4/2016 18:50,161,155,6,6,0.038709677
7/4/2016 18:55,154,146,8,8,0.054794521
7/4/2016 19:00,145,139,6,6,0.043165468
7/4/2016 19:05,138,133,5,5,0.037593985
7/4/2016 19:10,132,128,4,4,0.03125
7/4/2016 19:15,128,122,6,6,0.049180328
7/4/2016 19:15,128,122,6,6,0.049180328
7/4/2016 19:35,145,93,52,52,0.559139785
7/4/2016 19:40,151,88,63,63,0.715909091
7/4/2016 19:45,157,83,74,74,0.891566265
7/4/2016 19:50,82,81,1,1,0.012345679
7/4/2016 19:55,80,78,2,2,0.025641026
7/4/2016 20:00,77,79,-2,2,0.025316456
7/4/2016 20:20,75,85,-10,10,0.117647059
7/4/2016 20:25,84,89,-5,5,0.056179775
7/4/2016 20:30,88,94,-6,6,0.063829787
7/4/2016 20:35,93,97,-4,4,0.041237113
7/4/2016 20:40,96,102,-6,6,0.058823529
7/4/2016 20:45,101,104,-3,3,0.028846154
7/4/2016 20:50,103,105,-2,2,0.019047619
7/4/2016 20:55,104,105,-1,1,0.00952381
7/4/2016 21:00,104,106,-2,2,0.018867925
7/4/2016 21:05,105,109,-4,4,0.036697248
7/4/2016 21:10,108,112,-4,4,0.035714286
7/4/2016 21:20,110,126,-16,16,0.126984127
7/4/2016 21:25,125,132,-7,7,0.053030303
7/4/2016 21:30,131,139,-8,8,0.057553957
7/4/2016 21:35,138,149,-11,11,0.073825503
7/4/2016 21:40,148,156,-8,8,0.051282051
7/4/2016 21:45,155,164,-9,9,0.054878049
7/4/2016 21:50,163,169,-6,6,0.035502959
7/4/2016 22:00,167,181,-14,14,0.077348066
7/4/2016 22:05,180,188,-8,8,0.042553191
7/4/2016 22:15,186,192,-6,6,0.03125
7/4/2016 22:20,191,198,-7,7,0.035353535
7/4/2016 22:30,196,206,-10,10,0.048543689
7/4/2016 22:35,205,215,-10,10,0.046511628
7/4/2016 22:40,214,220,-6,6,0.027272727
7/4/2016 22:42,220,242,-22,22,0.090909091
7/4/2016 22:42,220,242,-22,22,0.090909091
7/4/2016 22:45,242,245,-3,3,0.012244898
7/4/2016 23:15,242,255,-13,13,0.050980392
7/4/2016 23:20,242,246,-4,4,0.016260163
7/4/2016 23:25,240,241,-1,1,0.004149378
7/4/2016 23:30,235,234,1,1,0.004273504
7/4/2016 23:35,228,228,0,0,0
7/4/2016 23:40,222,218,4,4,0.018348624
7/4/2016 23:45,212,209,3,3,0.014354067
7/4/2016 23:50,203,201,2,2,0.009950249
7/4/2016 23:55,195,194,1,1,0.005154639
7/5/2016 0:00,188,187,1,1,0.005347594
7/5/2016 0:05,181,181,0,0,0
7/5/2016 0:10,175,177,-2,2,0.011299435
7/5/2016 0:15,171,172,-1,1,0.005813953
7/5/2016 0:20,166,168,-2,2,0.011904762
7/5/2016 0:25,162,163,-1,1,0.006134969
7/5/2016 0:30,157,158,-1,1,0.006329114
7/5/2016 0:35,152,154,-2,2,0.012987013
7/5/2016 0:40,148,150,-2,2,0.013333333
7/5/2016 0:45,144,146,-2,2,0.01369863
7/5/2016 0:50,140,143,-3,3,0.020979021
7/5/2016 0:55,137,141,-4,4,0.028368794
7/5/2016 1:00,135,140,-5,5,0.035714286
7/5/2016 1:05,134,141,-7,7,0.04964539
7/5/2016 1:10,135,142,-7,7,0.049295775
7/5/2016 1:15,136,142,-6,6,0.042253521
7/5/2016 1:20,136,142,-6,6,0.042253521
7/5/2016 1:25,136,141,-5,5,0.035460993
7/5/2016 1:30,135,141,-6,6,0.042553191
7/5/2016 1:35,135,139,-4,4,0.028776978
7/5/2016 1:40,133,138,-5,5,0.036231884
7/5/2016 1:45,132,137,-5,5,0.03649635
7/5/2016 1:50,131,138,-7,7,0.050724638
7/5/2016 1:55,132,138,-6,6,0.043478261
7/5/2016 2:00,132,137,-5,5,0.03649635
7/5/2016 2:05,131,136,-5,5,0.036764706
7/5/2016 2:10,130,134,-4,4,0.029850746
7/5/2016 2:15,128,132,-4,4,0.03030303
7/5/2016 2:20,126,130,-4,4,0.030769231
7/5/2016 2:25,124,127,-3,3,0.023622047
7/5/2016 2:30,121,121,0,0,0
7/5/2016 2:35,115,117,-2,2,0.017094017
7/5/2016 2:40,111,113,-2,2,0.017699115
7/5/2016 2:45,107,110,-3,3,0.027272727
7/5/2016 2:50,104,107,-3,3,0.028037383
7/5/2016 2:55,101,104,-3,3,0.028846154
7/5/2016 7:35,96,104,-8,8,0.076923077
7/5/2016 7:35,96,104,-8,8,0.076923077
7/5/2016 7:40,108,112,-4,4,0.035714286
7/5/2016 7:45,112,117,-5,5,0.042735043
7/5/2016 8:00,124,121,3,3,0.024793388
7/5/2016 8:05,114,117,-3,3,0.025641026
7/5/2016 8:10,110,111,-1,1,0.009009009
7/5/2016 8:20,97,106,-9,9,0.08490566
7/5/2016 8:25,99,109,-10,10,0.091743119
7/5/2016 8:30,102,113,-11,11,0.097345133
7/5/2016 8:35,106,116,-10,10,0.086206897
7/5/2016 8:40,109,114,-5,5,0.043859649
7/5/2016 8:45,107,115,-8,8,0.069565217
7/5/2016 8:50,108,116,-8,8,0.068965517
7/5/2016 8:55,109,116,-7,7,0.060344828
7/5/2016 9:05,102,113,-11,11,0.097345133
7/5/2016 9:10,106,109,-3,3,0.027522936
7/5/2016 9:15,102,106,-4,4,0.037735849
7/5/2016 9:20,99,102,-3,3,0.029411765
7/5/2016 9:25,95,97,-2,2,0.020618557
7/5/2016 9:30,90,94,-4,4,0.042553191
7/5/2016 9:35,87,89,-2,2,0.02247191
7/5/2016 9:40,82,85,-3,3,0.035294118
7/5/2016 9:45,78,87,-9,9,0.103448276
7/5/2016 9:50,80,82,-2,2,0.024390244
7/5/2016 9:55,75,78,-3,3,0.038461538
7/5/2016 10:00,71,77,-6,6,0.077922078
7/5/2016 10:05,70,77,-7,7,0.090909091
7/5/2016 10:10,70,78,-8,8,0.102564103
7/5/2016 10:15,71,78,-7,7,0.08974359
7/5/2016 10:20,71,79,-8,8,0.101265823
7/5/2016 10:25,72,82,-10,10,0.12195122
7/5/2016 10:30,75,86,-11,11,0.127906977
7/5/2016 10:35,79,89,-10,10,0.112359551
7/5/2016 10:40,82,90,-8,8,0.088888889
7/5/2016 10:45,83,99,-16,16,0.161616162
7/5/2016 10:50,92,112,-20,20,0.178571429
7/5/2016 11:00,98,116,-18,18,0.155172414
7/5/2016 11:05,109,129,-20,20,0.15503876
7/5/2016 11:10,122,158,-36,36,0.227848101
7/5/2016 11:15,151,165,-14,14,0.084848485
7/5/2016 11:20,158,173,-15,15,0.086705202
7/5/2016 11:25,166,179,-13,13,0.072625698
7/5/2016 11:30,172,184,-12,12,0.065217391
7/5/2016 11:35,177,189,-12,12,0.063492063
7/5/2016 11:40,182,199,-17,17,0.085427136
7/5/2016 11:40,199,206,-7,7,0.033980583
7/5/2016 11:40,199,206,-7,7,0.033980583
7/5/2016 11:45,206,213,-7,7,0.03286385
7/5/2016 11:50,206,206,0,0,0
7/5/2016 13:10,206,226,-20,20,0.088495575
7/5/2016 13:15,222,228,-6,6,0.026315789
7/5/2016 13:20,224,226,-2,2,0.008849558
7/5/2016 13:25,222,229,-7,7,0.030567686
7/5/2016 13:30,225,236,-11,11,0.046610169
7/5/2016 13:35,232,239,-7,7,0.029288703
7/5/2016 13:40,239,239,0,0,0
7/5/2016 13:40,239,239,0,0,0
7/5/2016 13:45,239,239,0,0,0
7/5/2016 13:50,239,238,1,1,0.004201681
7/5/2016 13:55,239,235,4,4,0.017021277
7/5/2016 14:00,231,232,-1,1,0.004310345
7/5/2016 14:05,228,230,-2,2,0.008695652
7/5/2016 14:10,226,229,-3,3,0.013100437
7/5/2016 14:15,225,229,-4,4,0.017467249
7/5/2016 14:20,225,230,-5,5,0.02173913
7/5/2016 14:25,226,231,-5,5,0.021645022
7/5/2016 14:30,227,226,1,1,0.004424779
7/5/2016 14:35,222,221,1,1,0.004524887
7/5/2016 14:40,217,216,1,1,0.00462963
7/5/2016 14:45,212,209,3,3,0.014354067
7/5/2016 14:50,205,198,7,7,0.035353535
7/5/2016 14:55,194,186,8,8,0.043010753
7/5/2016 15:00,182,175,7,7,0.04
7/5/2016 15:05,171,163,8,8,0.049079755
7/5/2016 15:10,159,153,6,6,0.039215686
7/5/2016 15:15,149,143,6,6,0.041958042
7/5/2016 15:20,139,135,4,4,0.02962963
7/5/2016 15:25,131,126,5,5,0.03968254
7/5/2016 15:30,122,118,4,4,0.033898305
7/5/2016 15:35,114,110,4,4,0.036363636
7/5/2016 15:40,106,102,4,4,0.039215686
7/5/2016 15:45,98,95,3,3,0.031578947
7/5/2016 15:50,91,88,3,3,0.034090909
7/5/2016 15:55,84,81,3,3,0.037037037
7/5/2016 16:00,77,73,4,4,0.054794521
7/5/2016 16:05,69,66,3,3,0.045454545
7/5/2016 16:10,62,60,2,2,0.033333333
7/5/2016 16:15,56,54,2,2,0.037037037
7/5/2016 16:20,50,47,3,3,0.063829787
7/5/2016 16:25,43,42,1,1,0.023809524
7/5/2016 16:30,38,39,-1,1,0.025641026
7/5/2016 16:35,35,39,-4,4,0.102564103
7/5/2016 16:40,35,39,-4,4,0.102564103
7/5/2016 16:45,35,39,-4,4,0.102564103
7/5/2016 16:50,35,50,-15,15,0.3
7/5/2016 17:10,35,88,-53,53,0.602272727
7/5/2016 17:15,84,101,-17,17,0.168316832
7/5/2016 17:20,97,132,-35,35,0.265151515
7/5/2016 17:30,124,151,-27,27,0.178807947
7/5/2016 17:45,139,156,-17,17,0.108974359
7/5/2016 17:50,152,147,5,5,0.034013605
7/5/2016 17:55,143,141,2,2,0.014184397
7/5/2016 19:36,152,167,-15,15,0.089820359
7/5/2016 19:36,152,167,-15,15,0.089820359
7/5/2016 19:40,171,162,9,9,0.055555556
7/5/2016 19:50,183,168,15,15,0.089285714
7/5/2016 19:55,189,170,19,19,0.111764706
7/5/2016 20:00,162,174,-12,12,0.068965517
7/5/2016 20:05,166,175,-9,9,0.051428571
7/5/2016 20:10,167,173,-6,6,0.034682081
7/5/2016 20:15,165,170,-5,5,0.029411765
7/5/2016 20:20,162,165,-3,3,0.018181818
7/5/2016 20:25,157,161,-4,4,0.02484472
7/5/2016 20:30,153,156,-3,3,0.019230769
7/5/2016 20:35,148,155,-7,7,0.04516129
7/5/2016 20:40,147,153,-6,6,0.039215686
7/5/2016 20:45,145,148,-3,3,0.02027027
7/5/2016 20:50,140,144,-4,4,0.027777778
7/5/2016 20:55,136,141,-5,5,0.035460993
7/5/2016 21:00,133,139,-6,6,0.043165468
7/5/2016 21:05,131,134,-3,3,0.02238806
7/5/2016 21:10,126,129,-3,3,0.023255814
7/5/2016 21:15,121,123,-2,2,0.016260163
7/5/2016 21:20,115,120,-5,5,0.041666667
7/5/2016 21:25,112,117,-5,5,0.042735043
7/5/2016 21:30,109,113,-4,4,0.03539823
7/5/2016 21:35,105,107,-2,2,0.018691589
7/5/2016 21:40,99,104,-5,5,0.048076923
7/5/2016 21:45,96,98,-2,2,0.020408163
7/5/2016 21:50,90,92,-2,2,0.02173913
7/5/2016 21:55,84,88,-4,4,0.045454545
7/5/2016 22:00,80,82,-2,2,0.024390244
7/5/2016 22:05,74,80,-6,6,0.075
7/5/2016 22:10,72,70,2,2,0.028571429
7/5/2016 22:15,62,67,-5,5,0.074626866
7/5/2016 22:20,59,63,-4,4,0.063492063
7/5/2016 22:25,55,62,-7,7,0.112903226
7/5/2016 22:30,54,60,-6,6,0.1
7/5/2016 22:35,52,59,-7,7,0.118644068
7/5/2016 22:40,51,58,-7,7,0.120689655
7/5/2016 22:45,50,57,-7,7,0.122807018
7/5/2016 22:50,49,56,-7,7,0.125
7/5/2016 22:55,48,56,-8,8,0.142857143
7/5/2016 23:05,40,57,-17,17,0.298245614
7/5/2016 23:10,49,58,-9,9,0.155172414
7/5/2016 23:30,26,79,-53,53,0.670886076
7/5/2016 23:35,71,84,-13,13,0.154761905
7/5/2016 23:40,76,91,-15,15,0.164835165
7/5/2016 23:45,83,99,-16,16,0.161616162
7/5/2016 23:50,91,104,-13,13,0.125
7/6/2016 7:35,81,85,-4,4,0.047058824
7/6/2016 7:35,81,85,-4,4,0.047058824
7/6/2016 7:40,89,91,-2,2,0.021978022
7/6/2016 7:45,93,100,-7,7,0.07
7/6/2016 7:50,97,110,-13,13,0.118181818
7/6/2016 8:10,84,126,-42,42,0.333333333
7/6/2016 8:15,120,129,-9,9,0.069767442
7/6/2016 8:20,123,133,-10,10,0.07518797
7/6/2016 8:25,127,133,-6,6,0.045112782
7/6/2016 8:30,127,137,-10,10,0.072992701
7/6/2016 8:35,131,138,-7,7,0.050724638
7/6/2016 8:40,132,136,-4,4,0.029411765
7/6/2016 8:45,130,130,0,0,0
7/6/2016 8:50,124,124,0,0,0
7/6/2016 8:55,118,119,-1,1,0.008403361
7/6/2016 9:00,113,114,-1,1,0.00877193
7/6/2016 9:05,108,110,-2,2,0.018181818
7/6/2016 9:10,104,110,-6,6,0.054545455
7/6/2016 9:15,104,109,-5,5,0.04587156
7/6/2016 9:20,103,108,-5,5,0.046296296
7/6/2016 9:25,102,106,-4,4,0.037735849
7/6/2016 9:30,100,104,-4,4,0.038461538
7/6/2016 9:35,98,105,-7,7,0.066666667
7/6/2016 9:40,99,102,-3,3,0.029411765
7/6/2016 9:45,96,101,-5,5,0.04950495
7/6/2016 9:50,95,101,-6,6,0.059405941
7/6/2016 9:55,95,103,-8,8,0.077669903
7/6/2016 10:00,97,102,-5,5,0.049019608
7/6/2016 10:05,96,100,-4,4,0.04
7/6/2016 10:10,94,98,-4,4,0.040816327
7/6/2016 10:15,92,98,-6,6,0.06122449
7/6/2016 10:20,92,95,-3,3,0.031578947
7/6/2016 10:25,89,99,-10,10,0.101010101
7/6/2016 10:30,93,103,-10,10,0.097087379
7/6/2016 10:35,97,104,-7,7,0.067307692
7/6/2016 10:40,98,105,-7,7,0.066666667
7/6/2016 10:45,99,101,-2,2,0.01980198
7/6/2016 10:50,95,102,-7,7,0.068627451
7/6/2016 10:55,96,104,-8,8,0.076923077
7/6/2016 11:00,98,107,-9,9,0.08411215
7/6/2016 11:05,101,108,-7,7,0.064814815
7/6/2016 11:10,102,109,-7,7,0.064220183
7/6/2016 11:15,103,110,-7,7,0.063636364
7/6/2016 11:40,78,123,-45,45,0.365853659
7/6/2016 11:45,117,128,-11,11,0.0859375
7/6/2016 11:50,122,129,-7,7,0.054263566
7/6/2016 19:14,200,261,-61,61,0.233716475
7/6/2016 19:14,200,261,-61,61,0.233716475
7/6/2016 19:15,261,205,56,56,0.273170732
7/6/2016 19:20,272,240,32,32,0.133333333
7/6/2016 19:25,283,212,71,71,0.33490566
7/6/2016 19:30,197,215,-18,18,0.08372093
7/6/2016 19:35,200,211,-11,11,0.052132701
7/6/2016 19:40,196,206,-10,10,0.048543689
7/6/2016 19:45,191,199,-8,8,0.040201005
7/6/2016 19:50,184,192,-8,8,0.041666667
7/6/2016 19:55,177,179,-2,2,0.011173184
7/6/2016 20:00,164,166,-2,2,0.012048193
7/6/2016 20:05,151,157,-6,6,0.038216561
7/6/2016 20:10,142,153,-11,11,0.071895425
7/6/2016 20:15,138,144,-6,6,0.041666667
7/6/2016 20:20,129,136,-7,7,0.051470588
7/6/2016 20:25,121,131,-10,10,0.076335878
7/6/2016 20:30,116,127,-11,11,0.086614173
7/6/2016 20:35,112,121,-9,9,0.074380165
7/6/2016 20:40,106,115,-9,9,0.07826087
7/6/2016 20:45,100,112,-12,12,0.107142857
7/6/2016 20:50,97,106,-9,9,0.08490566
7/6/2016 20:55,91,100,-9,9,0.09
7/6/2016 21:00,85,94,-9,9,0.095744681
7/6/2016 21:05,79,90,-11,11,0.122222222
7/6/2016 21:15,60,83,-23,23,0.277108434
7/6/2016 21:20,68,77,-9,9,0.116883117
7/6/2016 21:25,62,72,-10,10,0.138888889
7/6/2016 21:30,57,69,-12,12,0.173913043
7/6/2016 21:35,54,68,-14,14,0.205882353
7/6/2016 21:40,53,71,-18,18,0.253521127
7/6/2016 21:45,56,74,-18,18,0.243243243
7/6/2016 21:50,59,76,-17,17,0.223684211
7/6/2016 21:55,61,75,-14,14,0.186666667
7/6/2016 22:00,60,71,-11,11,0.154929577
7/6/2016 22:05,56,68,-12,12,0.176470588
7/6/2016 22:10,53,65,-12,12,0.184615385
7/6/2016 22:15,50,61,-11,11,0.180327869
7/6/2016 22:20,46,59,-13,13,0.220338983
7/6/2016 22:25,44,58,-14,14,0.24137931
7/6/2016 22:30,43,64,-21,21,0.328125
7/6/2016 22:35,49,69,-20,20,0.289855072
7/6/2016 22:40,66,68,-2,2,0.029411765
7/6/2016 23:15,106,106,0,0,0
7/6/2016 23:19,103,140,-37,37,0.264285714
7/6/2016 23:20,140,128,12,12,0.09375
7/6/2016 23:25,125,134,-9,9,0.067164179
7/7/2016 7:35,71,78,-7,7,0.08974359
7/7/2016 7:35,71,78,-7,7,0.08974359
7/7/2016 7:45,89,99,-10,10,0.101010101
7/7/2016 7:50,94,114,-20,20,0.175438596
7/7/2016 7:55,99,123,-24,24,0.195121951
7/7/2016 8:05,107,129,-22,22,0.170542636
7/7/2016 8:10,121,133,-12,12,0.090225564
7/7/2016 8:15,125,133,-8,8,0.060150376
7/7/2016 8:20,125,131,-6,6,0.045801527
7/7/2016 8:25,123,132,-9,9,0.068181818
7/7/2016 8:30,124,132,-8,8,0.060606061
7/7/2016 8:35,124,128,-4,4,0.03125
7/7/2016 8:40,120,121,-1,1,0.008264463
7/7/2016 8:45,113,115,-2,2,0.017391304
7/7/2016 8:50,107,109,-2,2,0.018348624
7/7/2016 8:55,101,103,-2,2,0.019417476
7/7/2016 9:00,95,97,-2,2,0.020618557
7/7/2016 9:05,89,92,-3,3,0.032608696
7/7/2016 9:10,84,87,-3,3,0.034482759
7/7/2016 9:15,79,83,-4,4,0.048192771
7/7/2016 9:20,75,79,-4,4,0.050632911
7/7/2016 9:25,71,75,-4,4,0.053333333
7/7/2016 9:30,67,73,-6,6,0.082191781
7/7/2016 9:35,65,75,-10,10,0.133333333
7/7/2016 9:40,67,80,-13,13,0.1625
7/7/2016 9:45,72,90,-18,18,0.2
7/7/2016 9:50,82,102,-20,20,0.196078431
7/7/2016 9:55,94,114,-20,20,0.175438596
7/7/2016 10:00,106,126,-20,20,0.158730159
7/7/2016 10:05,118,134,-16,16,0.119402985
7/7/2016 10:10,126,144,-18,18,0.125
7/7/2016 10:15,136,152,-16,16,0.105263158
7/7/2016 10:20,144,158,-14,14,0.088607595
7/7/2016 10:25,150,164,-14,14,0.085365854
7/7/2016 10:30,156,165,-9,9,0.054545455
7/7/2016 10:35,157,168,-11,11,0.06547619
7/7/2016 10:40,160,169,-9,9,0.053254438
7/7/2016 10:45,161,169,-8,8,0.047337278
7/7/2016 10:50,161,168,-7,7,0.041666667
7/7/2016 10:55,160,169,-9,9,0.053254438
7/7/2016 11:00,161,164,-3,3,0.018292683
7/7/2016 11:05,156,162,-6,6,0.037037037
7/7/2016 11:10,154,158,-4,4,0.025316456
7/7/2016 11:15,150,158,-8,8,0.050632911
7/7/2016 11:20,150,156,-6,6,0.038461538
7/7/2016 11:25,148,151,-3,3,0.01986755
7/7/2016 11:30,143,145,-2,2,0.013793103
7/7/2016 11:35,137,143,-6,6,0.041958042
7/7/2016 11:40,135,142,-7,7,0.049295775
7/7/2016 11:45,134,143,-9,9,0.062937063
7/7/2016 11:50,135,147,-12,12,0.081632653
7/7/2016 13:25,178,178,0,0,0
7/7/2016 13:25,178,178,0,0,0
7/7/2016 13:30,178,176,2,2,0.011363636
7/7/2016 13:35,178,175,3,3,0.017142857
7/7/2016 13:40,178,174,4,4,0.022988506
7/7/2016 13:45,170,172,-2,2,0.011627907
7/7/2016 13:50,168,168,0,0,0
7/7/2016 13:55,164,164,0,0,0
7/7/2016 14:00,160,161,-1,1,0.00621118
7/7/2016 14:05,157,158,-1,1,0.006329114
7/7/2016 14:10,154,155,-1,1,0.006451613
7/7/2016 14:15,155,151,4,4,0.026490066
7/7/2016 14:15,155,151,4,4,0.026490066
7/7/2016 14:20,157,148,9,9,0.060810811
7/7/2016 14:25,163,145,18,18,0.124137931
7/7/2016 14:30,169,140,29,29,0.207142857
7/7/2016 14:35,134,137,-3,3,0.02189781
7/7/2016 14:40,131,133,-2,2,0.015037594
7/7/2016 14:45,127,130,-3,3,0.023076923
7/7/2016 14:50,124,129,-5,5,0.03875969
7/7/2016 14:55,123,128,-5,5,0.0390625
7/7/2016 15:00,122,125,-3,3,0.024
7/7/2016 15:25,93,118,-25,25,0.211864407
7/7/2016 15:30,112,116,-4,4,0.034482759
7/7/2016 15:35,110,114,-4,4,0.035087719
7/7/2016 15:40,108,113,-5,5,0.044247788
7/7/2016 15:45,107,113,-6,6,0.053097345
7/7/2016 15:50,107,116,-9,9,0.077586207
7/7/2016 15:55,110,120,-10,10,0.083333333
7/7/2016 16:00,114,125,-11,11,0.088
7/7/2016 16:05,119,132,-13,13,0.098484848
7/7/2016 16:10,126,137,-11,11,0.080291971
7/7/2016 16:15,131,143,-12,12,0.083916084
7/7/2016 16:20,137,147,-10,10,0.068027211
7/7/2016 16:25,141,153,-12,12,0.078431373
7/7/2016 16:30,147,157,-10,10,0.063694268
7/7/2016 16:35,151,162,-11,11,0.067901235
7/7/2016 16:40,156,168,-12,12,0.071428571
7/7/2016 16:45,162,175,-13,13,0.074285714
7/7/2016 16:50,169,184,-15,15,0.081521739
7/7/2016 16:55,178,193,-15,15,0.077720207
7/7/2016 17:00,187,198,-11,11,0.055555556
7/7/2016 17:05,192,205,-13,13,0.063414634
7/7/2016 17:10,199,209,-10,10,0.04784689
7/7/2016 17:25,190,213,-23,23,0.107981221
7/7/2016 17:30,212,214,-2,2,0.009345794
7/7/2016 18:00,184,184,0,0,0
7/7/2016 18:05,183,177,6,6,0.033898305
7/7/2016 18:10,176,172,4,4,0.023255814
7/7/2016 18:15,171,168,3,3,0.017857143
7/7/2016 19:32,135,141,-6,6,0.042553191
7/7/2016 19:32,135,141,-6,6,0.042553191
7/7/2016 19:35,144,132,12,12,0.090909091
7/7/2016 19:40,151,132,19,19,0.143939394
7/7/2016 19:45,158,133,25,25,0.187969925
7/7/2016 19:50,125,131,-6,6,0.045801527
7/7/2016 19:55,123,129,-6,6,0.046511628
7/7/2016 20:00,121,128,-7,7,0.0546875
7/7/2016 20:05,120,127,-7,7,0.05511811
7/7/2016 20:10,119,127,-8,8,0.062992126
7/7/2016 20:15,119,126,-7,7,0.055555556
7/7/2016 20:20,118,124,-6,6,0.048387097
7/7/2016 20:25,116,122,-6,6,0.049180328
7/7/2016 20:30,114,117,-3,3,0.025641026
7/7/2016 20:35,109,113,-4,4,0.03539823
7/7/2016 20:40,105,115,-10,10,0.086956522
7/7/2016 20:45,107,110,-3,3,0.027272727
7/7/2016 20:50,102,106,-4,4,0.037735849
7/7/2016 20:55,98,102,-4,4,0.039215686
7/7/2016 21:20,60,85,-25,25,0.294117647
7/7/2016 21:25,77,82,-5,5,0.06097561
7/7/2016 21:30,74,77,-3,3,0.038961039
7/7/2016 21:35,69,72,-3,3,0.041666667
7/7/2016 21:40,64,68,-4,4,0.058823529
7/7/2016 21:50,51,62,-11,11,0.177419355
7/7/2016 22:00,45,57,-12,12,0.210526316
7/7/2016 22:05,49,57,-8,8,0.140350877
7/7/2016 22:10,49,60,-11,11,0.183333333
7/7/2016 22:15,52,67,-15,15,0.223880597
7/7/2016 22:20,59,73,-14,14,0.191780822
7/7/2016 22:25,65,80,-15,15,0.1875
7/7/2016 22:30,72,87,-15,15,0.172413793
7/7/2016 22:35,79,93,-14,14,0.150537634
7/7/2016 22:40,85,98,-13,13,0.132653061
7/7/2016 22:45,90,104,-14,14,0.134615385
7/7/2016 22:50,96,110,-14,14,0.127272727
7/7/2016 22:55,102,115,-13,13,0.113043478
7/7/2016 23:00,107,117,-10,10,0.085470085
7/7/2016 23:05,109,122,-13,13,0.106557377
7/7/2016 23:10,114,126,-12,12,0.095238095
7/7/2016 23:15,118,127,-9,9,0.070866142
7/7/2016 23:20,119,133,-14,14,0.105263158
7/7/2016 23:30,116,133,-17,17,0.127819549
7/7/2016 23:35,125,132,-7,7,0.053030303
7/7/2016 23:40,124,134,-10,10,0.074626866
7/7/2016 23:45,126,136,-10,10,0.073529412
7/8/2016 0:40,169,165,4,4,0.024242424
7/8/2016 0:40,169,165,4,4,0.024242424
7/8/2016 0:45,170,160,10,10,0.0625
7/8/2016 0:50,175,154,21,21,0.136363636
7/8/2016 0:55,180,149,31,31,0.208053691
7/8/2016 1:00,143,144,-1,1,0.006944444
7/8/2016 1:05,138,140,-2,2,0.014285714
7/8/2016 1:10,134,136,-2,2,0.014705882
7/8/2016 1:15,130,132,-2,2,0.015151515
7/8/2016 1:20,126,129,-3,3,0.023255814
7/8/2016 1:25,123,125,-2,2,0.016
7/8/2016 1:30,119,121,-2,2,0.016528926
7/8/2016 1:35,115,118,-3,3,0.025423729
7/8/2016 1:40,112,114,-2,2,0.01754386
7/8/2016 1:45,108,111,-3,3,0.027027027
7/8/2016 1:50,105,108,-3,3,0.027777778
7/8/2016 1:55,102,106,-4,4,0.037735849
7/8/2016 2:00,100,105,-5,5,0.047619048
7/8/2016 2:05,99,103,-4,4,0.038834951
7/8/2016 2:10,97,102,-5,5,0.049019608
7/8/2016 2:15,96,100,-4,4,0.04
7/8/2016 2:20,94,98,-4,4,0.040816327
7/8/2016 2:25,92,96,-4,4,0.041666667
7/8/2016 2:30,90,92,-2,2,0.02173913
7/8/2016 2:35,86,89,-3,3,0.033707865
7/8/2016 2:40,83,88,-5,5,0.056818182
7/8/2016 2:45,82,86,-4,4,0.046511628
7/8/2016 2:50,80,86,-6,6,0.069767442
7/8/2016 2:55,80,85,-5,5,0.058823529
7/8/2016 3:00,79,84,-5,5,0.05952381
7/8/2016 3:05,78,84,-6,6,0.071428571
7/8/2016 3:10,78,84,-6,6,0.071428571
7/8/2016 3:15,78,85,-7,7,0.082352941
7/8/2016 3:20,79,86,-7,7,0.081395349
7/8/2016 3:25,80,86,-6,6,0.069767442
7/8/2016 3:30,80,87,-7,7,0.08045977
7/8/2016 3:35,81,87,-6,6,0.068965517
7/8/2016 3:40,81,88,-7,7,0.079545455
7/8/2016 3:45,82,89,-7,7,0.078651685
7/8/2016 3:50,83,90,-7,7,0.077777778
7/8/2016 3:55,84,89,-5,5,0.056179775
7/8/2016 4:00,83,91,-8,8,0.087912088
7/8/2016 4:05,85,95,-10,10,0.105263158
7/8/2016 4:10,89,97,-8,8,0.082474227
7/8/2016 4:15,91,99,-8,8,0.080808081
7/8/2016 4:25,87,100,-13,13,0.13
7/8/2016 4:30,94,102,-8,8,0.078431373
7/8/2016 4:35,96,104,-8,8,0.076923077
7/8/2016 4:40,98,105,-7,7,0.066666667
7/8/2016 4:45,99,105,-6,6,0.057142857
7/8/2016 4:50,99,105,-6,6,0.057142857
7/8/2016 4:55,99,104,-5,5,0.048076923
7/8/2016 7:42,131,136,-5,5,0.036764706
7/8/2016 7:42,131,136,-5,5,0.036764706
7/8/2016 7:44,138,127,11,11,0.086614173
7/8/2016 7:50,142,125,17,17,0.136
7/8/2016 8:04,154,127,27,27,0.212598425
7/8/2016 8:09,120,126,-6,6,0.047619048
7/8/2016 8:14,119,127,-8,8,0.062992126
7/8/2016 8:19,120,128,-8,8,0.0625
7/8/2016 8:24,121,128,-7,7,0.0546875
7/8/2016 8:29,121,130,-9,9,0.069230769
7/8/2016 8:44,108,129,-21,21,0.162790698
7/8/2016 8:49,122,129,-7,7,0.054263566
7/8/2016 8:54,122,129,-7,7,0.054263566
7/8/2016 8:59,122,129,-7,7,0.054263566
7/8/2016 9:04,122,125,-3,3,0.024
7/8/2016 9:09,118,122,-4,4,0.032786885
7/8/2016 9:14,115,120,-5,5,0.041666667
7/8/2016 9:19,113,119,-6,6,0.050420168
7/8/2016 9:24,112,120,-8,8,0.066666667
7/8/2016 9:29,113,117,-4,4,0.034188034
7/8/2016 9:35,110,112,-2,2,0.017857143
7/8/2016 9:39,105,109,-4,4,0.036697248
7/8/2016 9:44,102,107,-5,5,0.046728972
7/8/2016 9:49,100,104,-4,4,0.038461538
7/8/2016 9:54,97,102,-5,5,0.049019608
7/8/2016 9:59,95,101,-6,6,0.059405941
7/8/2016 10:04,94,99,-5,5,0.050505051
7/8/2016 10:09,92,98,-6,6,0.06122449
7/8/2016 10:14,91,98,-7,7,0.071428571
7/8/2016 10:19,91,97,-6,6,0.06185567
7/8/2016 10:24,90,97,-7,7,0.072164948
7/8/2016 10:29,90,97,-7,7,0.072164948
7/8/2016 10:34,90,97,-7,7,0.072164948
7/8/2016 10:39,90,98,-8,8,0.081632653
7/8/2016 10:44,91,102,-11,11,0.107843137
7/8/2016 10:49,95,106,-11,11,0.103773585
7/8/2016 10:54,99,108,-9,9,0.083333333
7/8/2016 10:59,101,111,-10,10,0.09009009
7/8/2016 11:04,104,114,-10,10,0.087719298
7/8/2016 11:09,107,116,-9,9,0.077586207
7/8/2016 11:14,109,119,-10,10,0.084033613
7/8/2016 11:19,112,122,-10,10,0.081967213
7/8/2016 11:24,115,125,-10,10,0.08
7/8/2016 11:34,110,128,-18,18,0.140625
7/8/2016 11:39,121,130,-9,9,0.069230769
7/8/2016 11:44,123,132,-9,9,0.068181818
7/8/2016 11:49,125,135,-10,10,0.074074074
7/8/2016 11:54,128,139,-11,11,0.079136691
7/8/2016 12:39,206,214,-8,8,0.037383178
7/8/2016 12:39,206,214,-8,8,0.037383178
7/8/2016 12:44,227,218,9,9,0.041284404
7/8/2016 12:49,240,225,15,15,0.066666667
7/8/2016 12:54,253,230,23,23,0.1
7/8/2016 12:59,213,234,-21,21,0.08974359
7/8/2016 13:04,217,238,-21,21,0.088235294
7/8/2016 13:09,221,241,-20,20,0.082987552
7/8/2016 13:14,224,243,-19,19,0.0781893
7/8/2016 13:19,226,242,-16,16,0.066115702
7/8/2016 13:24,225,245,-20,20,0.081632653
7/8/2016 13:29,228,249,-21,21,0.084337349
7/8/2016 13:34,232,249,-17,17,0.068273092
7/8/2016 13:39,232,252,-20,20,0.079365079
7/8/2016 13:44,235,248,-13,13,0.052419355
7/8/2016 13:49,231,251,-20,20,0.079681275
7/8/2016 13:54,234,244,-10,10,0.040983607
7/8/2016 13:59,227,241,-14,14,0.058091286
7/8/2016 14:04,224,236,-12,12,0.050847458
7/8/2016 14:09,219,229,-10,10,0.043668122
7/8/2016 14:14,212,223,-11,11,0.049327354
7/8/2016 14:19,206,220,-14,14,0.063636364
7/8/2016 14:24,203,218,-15,15,0.068807339
7/8/2016 14:29,201,214,-13,13,0.060747664
7/8/2016 14:34,197,215,-18,18,0.08372093
7/8/2016 14:39,198,219,-21,21,0.095890411
7/8/2016 14:44,202,224,-22,22,0.098214286
7/8/2016 14:49,207,229,-22,22,0.096069869
7/8/2016 14:54,212,233,-21,21,0.090128755
7/8/2016 14:59,216,234,-18,18,0.076923077
7/8/2016 15:04,217,229,-12,12,0.052401747
7/8/2016 15:09,212,221,-9,9,0.040723982
7/8/2016 15:14,204,217,-13,13,0.059907834
7/8/2016 15:19,200,209,-9,9,0.043062201
7/8/2016 15:24,192,204,-12,12,0.058823529
7/8/2016 15:29,187,200,-13,13,0.065
7/8/2016 15:34,183,195,-12,12,0.061538462
7/8/2016 15:39,178,189,-11,11,0.058201058
7/8/2016 15:44,172,183,-11,11,0.06010929
7/8/2016 15:49,166,176,-10,10,0.056818182
7/8/2016 15:54,159,169,-10,10,0.059171598
7/8/2016 15:59,152,162,-10,10,0.061728395
7/8/2016 16:04,145,155,-10,10,0.064516129
7/8/2016 16:09,138,151,-13,13,0.086092715
7/8/2016 16:14,134,144,-10,10,0.069444444
7/8/2016 16:24,110,130,-20,20,0.153846154
7/8/2016 16:44,62,93,-31,31,0.333333333
7/8/2016 16:49,76,87,-11,11,0.126436782
7/8/2016 16:54,70,83,-13,13,0.156626506
7/8/2016 19:59,181,189,-8,8,0.042328042
7/8/2016 19:59,181,189,-8,8,0.042328042
7/8/2016 20:04,194,199,-5,5,0.025125628
7/8/2016 20:09,199,199,0,0,0
7/8/2016 20:14,204,198,6,6,0.03030303
7/8/2016 20:19,190,201,-11,11,0.054726368
7/8/2016 20:24,194,208,-14,14,0.067307692
7/8/2016 20:29,200,217,-17,17,0.078341014
7/8/2016 20:34,210,220,-10,10,0.045454545
7/8/2016 20:39,212,218,-6,6,0.027522936
7/8/2016 20:44,210,215,-5,5,0.023255814
7/8/2016 20:49,208,207,1,1,0.004830918
7/8/2016 20:59,192,190,2,2,0.010526316
7/8/2016 21:04,182,183,-1,1,0.005464481
7/8/2016 21:09,176,176,0,0,0
7/8/2016 21:14,168,168,0,0,0
7/8/2016 21:19,161,161,0,0,0
7/8/2016 21:24,154,156,-2,2,0.012820513
7/8/2016 21:29,148,152,-4,4,0.026315789
7/8/2016 21:44,130,135,-5,5,0.037037037
7/8/2016 21:49,127,131,-4,4,0.030534351
7/8/2016 21:54,124,128,-4,4,0.03125
7/8/2016 21:59,120,127,-7,7,0.05511811
7/8/2016 22:04,120,126,-6,6,0.047619048
7/8/2016 22:14,111,127,-16,16,0.125984252
7/8/2016 22:19,120,128,-8,8,0.0625
7/8/2016 22:24,120,130,-10,10,0.076923077
7/8/2016 22:29,127,132,-5,5,0.037878788
7/8/2016 23:54,175,175,0,0,0
7/8/2016 23:59,172,173,-1,1,0.005780347
7/9/2016 0:04,171,171,0,0,0
7/9/2016 0:09,169,170,-1,1,0.005882353
7/9/2016 0:14,168,169,-1,1,0.00591716
7/9/2016 9:28,79,82,-3,3,0.036585366
7/9/2016 9:28,79,82,-3,3,0.036585366
7/9/2016 9:29,83,80,3,3,0.0375
7/9/2016 9:34,88,82,6,6,0.073170732
7/9/2016 9:39,93,84,9,9,0.107142857
7/9/2016 9:44,78,89,-11,11,0.123595506
7/9/2016 9:49,83,93,-10,10,0.107526882
7/9/2016 9:54,87,100,-13,13,0.13
7/9/2016 9:59,94,115,-21,21,0.182608696
7/9/2016 10:04,109,135,-26,26,0.192592593
7/9/2016 10:09,129,143,-14,14,0.097902098
7/9/2016 10:14,141,151,-10,10,0.066225166
7/9/2016 11:04,114,114,0,0,0
7/9/2016 11:09,112,110,2,2,0.018181818
7/9/2016 11:14,108,104,4,4,0.038461538
7/9/2016 11:19,102,97,5,5,0.051546392
7/9/2016 11:24,95,91,4,4,0.043956044
7/9/2016 11:29,89,89,0,0,0
7/9/2016 11:34,87,90,-3,3,0.033333333
7/9/2016 11:39,88,88,0,0,0
7/9/2016 11:44,86,86,0,0,0
7/9/2016 11:49,84,81,3,3,0.037037037
7/9/2016 11:54,79,78,1,1,0.012820513
7/9/2016 11:59,76,76,0,0,0
7/9/2016 12:04,74,76,-2,2,0.026315789
7/9/2016 12:09,74,81,-7,7,0.086419753
7/9/2016 12:14,79,85,-6,6,0.070588235
7/9/2016 12:19,83,90,-7,7,0.077777778
7/9/2016 12:24,88,91,-3,3,0.032967033
7/9/2016 12:39,85,97,-12,12,0.12371134
7/9/2016 12:44,95,101,-6,6,0.059405941
7/9/2016 12:49,99,107,-8,8,0.074766355
7/9/2016 12:54,105,113,-8,8,0.07079646
7/9/2016 12:59,111,116,-5,5,0.043103448
7/9/2016 13:04,116,119,-3,3,0.025210084
7/9/2016 13:04,116,119,-3,3,0.025210084
7/9/2016 13:09,128,122,6,6,0.049180328
7/9/2016 13:14,137,125,12,12,0.096
7/9/2016 13:19,146,127,19,19,0.149606299
7/9/2016 13:29,105,124,-19,19,0.153225806
7/9/2016 13:34,113,122,-9,9,0.073770492
7/9/2016 13:39,111,124,-13,13,0.10483871
7/9/2016 13:44,122,127,-5,5,0.039370079
7/9/2016 15:49,94,94,0,0,0
7/9/2016 16:04,91,83,8,8,0.096385542
7/9/2016 16:09,82,80,2,2,0.025
7/9/2016 16:14,79,79,0,0,0
7/9/2016 16:19,78,83,-5,5,0.060240964
7/9/2016 16:24,82,85,-3,3,0.035294118
7/9/2016 16:29,84,85,-1,1,0.011764706
7/9/2016 16:34,84,83,1,1,0.012048193
7/9/2016 16:39,82,79,3,3,0.037974684
7/9/2016 16:49,77,76,1,1,0.013157895
7/9/2016 16:54,75,74,1,1,0.013513514
7/9/2016 17:09,71,69,2,2,0.028985507
7/9/2016 17:14,68,69,-1,1,0.014492754
7/9/2016 17:19,68,71,-3,3,0.042253521
7/9/2016 18:54,118,121,-3,3,0.024793388
7/9/2016 18:54,118,121,-3,3,0.024793388
7/9/2016 18:59,129,123,6,6,0.048780488
7/9/2016 19:04,137,125,12,12,0.096
7/9/2016 19:09,145,127,18,18,0.141732283
7/9/2016 19:14,118,127,-9,9,0.070866142
7/9/2016 19:19,118,125,-7,7,0.056
7/9/2016 19:24,116,122,-6,6,0.049180328
7/9/2016 19:29,113,117,-4,4,0.034188034
7/9/2016 19:34,108,112,-4,4,0.035714286
7/9/2016 19:39,103,103,0,0,0
7/9/2016 19:44,94,102,-8,8,0.078431373
7/9/2016 19:49,93,97,-4,4,0.041237113
7/9/2016 19:54,88,93,-5,5,0.053763441
7/9/2016 19:59,84,91,-7,7,0.076923077
7/9/2016 20:04,82,87,-5,5,0.057471264
7/9/2016 20:09,78,83,-5,5,0.060240964
7/9/2016 20:14,74,80,-6,6,0.075
7/9/2016 20:19,71,75,-4,4,0.053333333
7/9/2016 20:24,66,73,-7,7,0.095890411
7/9/2016 20:34,55,75,-20,20,0.266666667
7/9/2016 20:39,66,76,-10,10,0.131578947
7/9/2016 20:44,67,76,-9,9,0.118421053
7/9/2016 20:49,67,80,-13,13,0.1625
7/9/2016 20:54,71,80,-9,9,0.1125
7/9/2016 20:59,71,79,-8,8,0.101265823
7/9/2016 21:04,70,77,-7,7,0.090909091
7/9/2016 21:09,68,79,-11,11,0.139240506
7/9/2016 21:24,52,86,-34,34,0.395348837
7/9/2016 21:34,68,90,-22,22,0.244444444
7/9/2016 21:39,81,89,-8,8,0.08988764
7/9/2016 21:44,80,87,-7,7,0.08045977
7/9/2016 21:49,78,86,-8,8,0.093023256
7/9/2016 21:54,77,85,-8,8,0.094117647
7/9/2016 21:59,76,83,-7,7,0.084337349
7/9/2016 22:04,74,80,-6,6,0.075
7/9/2016 22:09,71,76,-5,5,0.065789474
7/9/2016 22:14,73,73,0,0,0
7/12/2016 6:54,141,140,1,1,0.007142857
7/12/2016 6:54,141,140,1,1,0.007142857
7/12/2016 6:59,148,141,7,7,0.04964539
7/12/2016 7:09,164,152,12,12,0.078947368
7/12/2016 7:14,172,151,21,21,0.139072848
7/12/2016 7:19,140,155,-15,15,0.096774194
7/12/2016 7:24,144,155,-11,11,0.070967742
7/12/2016 7:29,144,156,-12,12,0.076923077
7/12/2016 7:49,113,173,-60,60,0.346820809
7/12/2016 7:54,162,172,-10,10,0.058139535
7/12/2016 7:59,161,169,-8,8,0.047337278
7/12/2016 8:04,158,164,-6,6,0.036585366
7/12/2016 8:19,132,156,-24,24,0.153846154
7/12/2016 8:24,145,148,-3,3,0.02027027
7/12/2016 8:29,137,140,-3,3,0.021428571
7/12/2016 8:34,129,135,-6,6,0.044444444
7/12/2016 8:39,124,130,-6,6,0.046153846
7/12/2016 8:44,119,116,3,3,0.025862069
7/12/2016 8:49,105,103,2,2,0.019417476
7/12/2016 8:54,92,106,-14,14,0.132075472
7/12/2016 8:59,95,114,-19,19,0.166666667
7/12/2016 9:04,103,127,-24,24,0.188976378
7/12/2016 9:09,116,136,-20,20,0.147058824
7/12/2016 9:14,125,144,-19,19,0.131944444
7/12/2016 9:19,133,154,-21,21,0.136363636
7/12/2016 9:24,143,160,-17,17,0.10625
7/12/2016 9:29,149,164,-15,15,0.091463415
7/12/2016 9:34,153,174,-21,21,0.120689655
7/12/2016 9:39,163,177,-14,14,0.079096045
7/12/2016 9:44,166,177,-11,11,0.062146893
7/12/2016 9:49,166,174,-8,8,0.045977011
7/12/2016 9:54,163,169,-6,6,0.035502959
7/12/2016 9:59,158,172,-14,14,0.081395349
7/12/2016 10:04,161,170,-9,9,0.052941176
7/12/2016 10:09,159,168,-9,9,0.053571429
7/12/2016 10:14,157,168,-11,11,0.06547619
7/12/2016 10:19,157,168,-11,11,0.06547619
7/12/2016 10:24,166,168,-2,2,0.011904762
7/12/2016 10:59,165,165,0,0,0
7/12/2016 11:04,163,162,1,1,0.00617284
7/12/2016 11:09,160,164,-4,4,0.024390244
7/12/2016 12:34,170,160,10,10,0.0625
7/12/2016 12:34,170,160,10,10,0.0625
7/12/2016 12:39,170,161,9,9,0.055900621
7/12/2016 12:44,180,169,11,11,0.065088757
7/12/2016 12:49,190,176,14,14,0.079545455
7/12/2016 12:54,163,178,-15,15,0.084269663
7/12/2016 12:59,165,184,-19,19,0.10326087
7/12/2016 13:04,171,184,-13,13,0.070652174
7/12/2016 13:09,171,179,-8,8,0.044692737
7/12/2016 13:14,166,173,-7,7,0.040462428
7/12/2016 13:19,160,168,-8,8,0.047619048
7/12/2016 13:24,155,163,-8,8,0.049079755
7/12/2016 13:29,150,157,-7,7,0.044585987
7/12/2016 13:34,144,153,-9,9,0.058823529
7/12/2016 13:39,140,146,-6,6,0.04109589
7/12/2016 13:44,133,142,-9,9,0.063380282
7/12/2016 13:49,129,136,-7,7,0.051470588
7/12/2016 13:54,123,130,-7,7,0.053846154
7/12/2016 13:59,117,126,-9,9,0.071428571
7/12/2016 14:04,113,123,-10,10,0.081300813
7/12/2016 14:14,96,135,-39,39,0.288888889
7/12/2016 14:19,122,135,-13,13,0.096296296
7/12/2016 14:24,122,139,-17,17,0.122302158
7/12/2016 14:29,126,146,-20,20,0.136986301
7/12/2016 14:34,133,152,-19,19,0.125
7/12/2016 14:39,139,160,-21,21,0.13125
7/12/2016 14:44,147,169,-22,22,0.130177515
7/12/2016 14:49,156,172,-16,16,0.093023256
7/12/2016 14:54,159,171,-12,12,0.070175439
7/12/2016 15:04,144,168,-24,24,0.142857143
7/12/2016 15:09,155,160,-5,5,0.03125
7/12/2016 15:14,147,153,-6,6,0.039215686
7/12/2016 15:19,140,145,-5,5,0.034482759
7/12/2016 15:24,132,137,-5,5,0.03649635
7/12/2016 15:29,124,128,-4,4,0.03125
7/12/2016 15:34,115,123,-8,8,0.06504065
7/12/2016 15:39,110,113,-3,3,0.026548673
7/12/2016 15:44,100,104,-4,4,0.038461538
7/12/2016 15:49,104,97,7,7,0.072164948
7/12/2016 15:49,104,97,7,7,0.072164948
7/12/2016 15:54,101,98,3,3,0.030612245
7/12/2016 15:59,105,99,6,6,0.060606061
7/12/2016 16:04,109,102,7,7,0.068627451
7/12/2016 16:09,97,106,-9,9,0.08490566
7/12/2016 16:14,101,117,-16,16,0.136752137
7/12/2016 16:19,112,132,-20,20,0.151515152
7/12/2016 16:24,127,137,-10,10,0.072992701
7/12/2016 16:29,132,146,-14,14,0.095890411
7/12/2016 16:34,141,151,-10,10,0.066225166
7/12/2016 16:39,146,149,-3,3,0.020134228
7/12/2016 16:44,144,148,-4,4,0.027027027
7/12/2016 16:49,143,145,-2,2,0.013793103
7/12/2016 16:54,140,143,-3,3,0.020979021
7/12/2016 16:59,138,144,-6,6,0.041666667
7/12/2016 17:14,128,125,3,3,0.024
7/12/2016 17:19,120,118,2,2,0.016949153
7/12/2016 17:24,113,112,1,1,0.008928571
7/12/2016 17:29,107,101,6,6,0.059405941
7/12/2016 17:39,90,89,1,1,0.011235955
7/12/2016 17:44,84,76,8,8,0.105263158
7/12/2016 17:49,71,68,3,3,0.044117647
7/12/2016 17:54,63,65,-2,2,0.030769231
7/12/2016 17:59,60,62,-2,2,0.032258065
7/12/2016 18:04,57,60,-3,3,0.05
7/12/2016 18:09,55,57,-2,2,0.035087719
7/12/2016 18:14,52,51,1,1,0.019607843
7/12/2016 18:19,46,59,-13,13,0.220338983
7/12/2016 18:24,54,78,-24,24,0.307692308
7/12/2016 18:39,62,101,-39,39,0.386138614
7/12/2016 18:44,96,119,-23,23,0.193277311
7/12/2016 19:14,88,141,-53,53,0.375886525
7/12/2016 19:19,136,139,-3,3,0.021582734
7/12/2016 19:24,134,138,-4,4,0.028985507
7/12/2016 19:29,133,135,-2,2,0.014814815
7/12/2016 19:34,130,138,-8,8,0.057971014
7/12/2016 19:39,133,140,-7,7,0.05
7/12/2016 19:44,135,136,-1,1,0.007352941
7/12/2016 19:49,131,142,-11,11,0.077464789
7/12/2016 19:54,142,146,-4,4,0.02739726
7/12/2016 19:54,142,146,-4,4,0.02739726
7/12/2016 19:59,155,149,6,6,0.040268456
7/12/2016 20:04,164,154,10,10,0.064935065
7/12/2016 20:09,173,139,34,34,0.244604317
7/12/2016 20:14,128,127,1,1,0.007874016
7/12/2016 20:19,116,127,-11,11,0.086614173
7/12/2016 20:24,116,130,-14,14,0.107692308
7/12/2016 20:29,120,127,-7,7,0.05511811
7/12/2016 20:34,116,138,-22,22,0.15942029
7/12/2016 20:39,128,139,-11,11,0.079136691
7/12/2016 20:44,128,139,-11,11,0.079136691
7/12/2016 20:49,128,141,-13,13,0.092198582
7/12/2016 20:54,130,148,-18,18,0.121621622
7/12/2016 20:59,138,159,-21,21,0.132075472
7/12/2016 21:04,148,163,-15,15,0.09202454
7/12/2016 21:09,152,161,-9,9,0.055900621
7/12/2016 21:14,150,161,-11,11,0.068322981
7/12/2016 21:19,150,158,-8,8,0.050632911
7/12/2016 21:24,148,156,-8,8,0.051282051
7/12/2016 21:29,146,150,-4,4,0.026666667
7/12/2016 21:34,140,146,-6,6,0.04109589
7/12/2016 21:39,136,140,-4,4,0.028571429
7/12/2016 21:44,130,135,-5,5,0.037037037
7/12/2016 21:49,124,127,-3,3,0.023622047
7/12/2016 21:54,116,118,-2,2,0.016949153
7/12/2016 21:59,108,110,-2,2,0.018181818
7/12/2016 22:04,100,105,-5,5,0.047619048
7/12/2016 22:09,94,103,-9,9,0.087378641
7/12/2016 22:14,92,98,-6,6,0.06122449
7/12/2016 22:19,88,95,-7,7,0.073684211
7/12/2016 22:24,84,99,-15,15,0.151515152
7/12/2016 22:29,88,104,-16,16,0.153846154
7/12/2016 22:34,94,107,-13,13,0.121495327
7/12/2016 22:39,96,103,-7,7,0.067961165
7/12/2016 22:44,92,101,-9,9,0.089108911
7/12/2016 22:49,90,103,-13,13,0.126213592
7/12/2016 22:54,92,107,-15,15,0.140186916
7/12/2016 22:59,96,113,-17,17,0.150442478
7/12/2016 23:04,102,115,-13,13,0.113043478
7/12/2016 23:09,104,115,-11,11,0.095652174
7/12/2016 23:14,105,115,-10,10,0.086956522
7/12/2016 23:19,104,119,-15,15,0.12605042
7/12/2016 23:24,116,119,-3,3,0.025210084
7/12/2016 23:59,121,121,0,0,0
7/13/2016 0:04,119,117,2,2,0.017094017
7/13/2016 0:09,115,116,-1,1,0.00862069
7/13/2016 7:13,115,118,-3,3,0.025423729
7/13/2016 7:13,115,118,-3,3,0.025423729
7/13/2016 7:14,120,127,-7,7,0.05511811
7/13/2016 7:19,127,128,-1,1,0.0078125
7/13/2016 7:24,134,123,11,11,0.089430894
7/13/2016 7:29,114,128,-14,14,0.109375
7/13/2016 7:34,119,128,-9,9,0.0703125
7/13/2016 7:39,119,122,-3,3,0.024590164
7/13/2016 7:44,113,123,-10,10,0.081300813
7/13/2016 7:49,114,120,-6,6,0.05
7/13/2016 7:54,111,124,-13,13,0.10483871
7/13/2016 7:59,115,127,-12,12,0.094488189
7/13/2016 8:04,118,125,-7,7,0.056
7/13/2016 8:14,106,113,-7,7,0.061946903
7/13/2016 8:19,104,107,-3,3,0.028037383
7/13/2016 8:24,98,100,-2,2,0.02
7/13/2016 8:29,91,101,-10,10,0.099009901
7/13/2016 8:34,92,97,-5,5,0.051546392
7/13/2016 8:39,88,88,0,0,0
7/13/2016 8:44,79,79,0,0,0
7/13/2016 8:49,70,70,0,0,0
7/13/2016 8:54,61,61,0,0,0
7/13/2016 8:59,52,56,-4,4,0.071428571
7/13/2016 9:04,47,49,-2,2,0.040816327
7/13/2016 9:09,40,43,-3,3,0.069767442
7/13/2016 9:14,34,42,-8,8,0.19047619
7/13/2016 9:19,33,50,-17,17,0.34
7/13/2016 9:24,41,67,-26,26,0.388059701
7/13/2016 9:29,58,82,-24,24,0.292682927
7/13/2016 9:34,73,91,-18,18,0.197802198
7/13/2016 9:39,82,103,-21,21,0.203883495
7/13/2016 9:44,94,118,-24,24,0.203389831
7/13/2016 9:49,109,127,-18,18,0.141732283
7/13/2016 9:54,118,130,-12,12,0.092307692
7/13/2016 9:59,121,141,-20,20,0.141843972
7/13/2016 10:04,132,152,-20,20,0.131578947
7/13/2016 10:09,143,162,-19,19,0.117283951
7/13/2016 10:14,153,170,-17,17,0.1
7/13/2016 10:19,161,175,-14,14,0.08
7/13/2016 10:24,166,179,-13,13,0.072625698
7/13/2016 10:29,170,185,-15,15,0.081081081
7/13/2016 10:34,176,190,-14,14,0.073684211
7/13/2016 10:39,181,193,-12,12,0.062176166
7/13/2016 10:44,184,193,-9,9,0.046632124
7/13/2016 10:49,184,198,-14,14,0.070707071
7/13/2016 10:54,189,199,-10,10,0.050251256
7/13/2016 10:59,190,197,-7,7,0.035532995
7/13/2016 11:04,188,193,-5,5,0.025906736
7/13/2016 11:09,184,192,-8,8,0.041666667
7/13/2016 11:14,183,195,-12,12,0.061538462
7/13/2016 11:19,186,194,-8,8,0.041237113
7/13/2016 11:24,185,201,-16,16,0.07960199
7/13/2016 12:39,210,202,8,8,0.03960396
7/13/2016 12:39,210,202,8,8,0.03960396
7/13/2016 12:44,212,205,7,7,0.034146341
7/13/2016 12:49,222,208,14,14,0.067307692
7/13/2016 12:54,232,209,23,23,0.110047847
7/13/2016 12:59,194,208,-14,14,0.067307692
7/13/2016 13:04,193,208,-15,15,0.072115385
7/13/2016 13:09,193,213,-20,20,0.093896714
7/13/2016 13:14,198,210,-12,12,0.057142857
7/13/2016 13:19,195,204,-9,9,0.044117647
7/13/2016 13:24,189,199,-10,10,0.050251256
7/13/2016 13:29,184,193,-9,9,0.046632124
7/13/2016 13:34,178,186,-8,8,0.043010753
7/13/2016 13:39,171,180,-9,9,0.05
7/13/2016 13:44,165,172,-7,7,0.040697674
7/13/2016 13:49,157,166,-9,9,0.054216867
7/13/2016 13:54,151,158,-7,7,0.044303797
7/13/2016 13:59,143,149,-6,6,0.040268456
7/13/2016 14:04,134,141,-7,7,0.04964539
7/13/2016 14:09,126,132,-6,6,0.045454545
7/13/2016 14:14,117,127,-10,10,0.078740157
7/13/2016 14:19,112,131,-19,19,0.145038168
7/13/2016 14:24,116,126,-10,10,0.079365079
7/13/2016 14:29,111,121,-10,10,0.082644628
7/13/2016 14:34,106,111,-5,5,0.045045045
7/13/2016 14:39,96,105,-9,9,0.085714286
7/13/2016 14:44,90,100,-10,10,0.1
7/13/2016 14:49,85,99,-14,14,0.141414141
7/13/2016 14:54,84,102,-18,18,0.176470588
7/13/2016 14:59,87,105,-18,18,0.171428571
7/13/2016 15:04,90,107,-17,17,0.158878505
7/13/2016 15:09,92,109,-17,17,0.155963303
7/13/2016 15:14,94,111,-17,17,0.153153153
7/13/2016 15:19,96,114,-18,18,0.157894737
7/13/2016 15:24,99,114,-15,15,0.131578947
7/13/2016 15:29,99,111,-12,12,0.108108108
7/13/2016 15:34,96,111,-15,15,0.135135135
7/13/2016 15:39,96,115,-19,19,0.165217391
7/13/2016 15:44,100,121,-21,21,0.173553719
7/13/2016 15:49,106,127,-21,21,0.165354331
7/13/2016 15:54,112,132,-20,20,0.151515152
7/13/2016 15:59,117,143,-26,26,0.181818182
7/13/2016 16:04,128,151,-23,23,0.152317881
7/13/2016 16:09,136,155,-19,19,0.122580645
7/13/2016 16:14,140,156,-16,16,0.102564103
7/13/2016 16:19,141,160,-19,19,0.11875
7/13/2016 16:24,145,166,-21,21,0.126506024
7/13/2016 16:29,151,172,-21,21,0.122093023
7/13/2016 16:34,157,177,-20,20,0.11299435
7/13/2016 16:39,162,182,-20,20,0.10989011
7/13/2016 16:44,167,190,-23,23,0.121052632
7/13/2016 16:49,175,190,-15,15,0.078947368
7/13/2016 20:39,205,205,0,0,0
7/13/2016 20:39,205,205,0,0,0
7/13/2016 20:44,214,214,0,0,0
7/13/2016 20:49,223,215,8,8,0.037209302
7/13/2016 20:54,232,215,17,17,0.079069767
7/13/2016 21:04,186,200,-14,14,0.07
7/13/2016 21:09,186,188,-2,2,0.010638298
7/13/2016 21:14,173,175,-2,2,0.011428571
7/13/2016 21:19,160,162,-2,2,0.012345679
7/13/2016 21:24,148,157,-9,9,0.057324841
7/13/2016 21:29,142,163,-21,21,0.128834356
7/13/2016 21:34,148,163,-15,15,0.09202454
7/13/2016 21:39,148,158,-10,10,0.063291139
7/13/2016 21:44,144,152,-8,8,0.052631579
7/13/2016 21:49,138,140,-2,2,0.014285714
7/13/2016 21:54,126,135,-9,9,0.066666667
7/13/2016 21:59,120,131,-11,11,0.083969466
7/13/2016 22:04,116,128,-12,12,0.09375
7/13/2016 22:09,114,126,-12,12,0.095238095
7/13/2016 22:14,112,124,-12,12,0.096774194
7/13/2016 22:19,110,120,-10,10,0.083333333
7/13/2016 22:24,106,116,-10,10,0.086206897
7/13/2016 22:29,102,115,-13,13,0.113043478
7/13/2016 22:34,112,112,0,0,0
7/13/2016 23:04,82,82,0,0,0
7/13/2016 23:09,79,76,3,3,0.039473684
7/13/2016 23:14,73,74,-1,1,0.013513514
7/13/2016 23:19,71,69,2,2,0.028985507
7/13/2016 23:19,69,89,-20,20,0.224719101
7/13/2016 23:24,86,85,1,1,0.011764706
7/13/2016 23:29,82,80,2,2,0.025
7/13/2016 23:34,77,78,-1,1,0.012820513
7/13/2016 23:39,75,74,1,1,0.013513514
7/13/2016 23:44,71,72,-1,1,0.013888889
7/13/2016 23:49,69,68,1,1,0.014705882
7/13/2016 23:54,65,64,1,1,0.015625
7/13/2016 23:59,61,60,1,1,0.016666667
7/14/2016 0:04,58,56,2,2,0.035714286
7/14/2016 0:09,54,53,1,1,0.018867925
7/14/2016 0:14,51,50,1,1,0.02
7/14/2016 0:19,48,50,-2,2,0.04
7/14/2016 0:24,48,51,-3,3,0.058823529
7/14/2016 0:29,49,54,-5,5,0.092592593
7/14/2016 0:34,52,57,-5,5,0.087719298
7/14/2016 0:39,55,69,-14,14,0.202898551
7/14/2016 0:44,67,85,-18,18,0.211764706
7/14/2016 0:49,83,100,-17,17,0.17
7/14/2016 0:54,98,118,-20,20,0.169491525
7/14/2016 7:14,120,120,0,0,0
7/14/2016 7:14,120,120,0,0,0
7/14/2016 7:19,127,124,3,3,0.024193548
7/14/2016 7:24,134,131,3,3,0.022900763
7/14/2016 7:29,141,132,9,9,0.068181818
7/14/2016 7:34,123,128,-5,5,0.0390625
7/14/2016 7:39,119,122,-3,3,0.024590164
7/14/2016 7:44,113,123,-10,10,0.081300813
7/14/2016 7:49,114,127,-13,13,0.102362205
7/14/2016 8:04,99,123,-24,24,0.195121951
7/14/2016 8:09,114,120,-6,6,0.05
7/14/2016 8:14,111,108,3,3,0.027777778
7/14/2016 8:19,99,98,1,1,0.010204082
7/14/2016 8:24,98,100,-2,2,0.02
7/14/2016 8:24,98,100,-2,2,0.02
7/14/2016 8:29,103,99,4,4,0.04040404
7/14/2016 8:34,106,88,18,18,0.204545455
7/14/2016 8:39,109,86,23,23,0.26744186
7/14/2016 8:44,80,88,-8,8,0.090909091
7/14/2016 8:49,82,88,-6,6,0.068181818
7/14/2016 8:54,82,90,-8,8,0.088888889
7/14/2016 8:59,84,88,-4,4,0.045454545
7/14/2016 9:04,82,98,-16,16,0.163265306
7/14/2016 9:09,92,105,-13,13,0.123809524
7/14/2016 9:14,99,113,-14,14,0.123893805
7/14/2016 9:19,107,124,-17,17,0.137096774
7/14/2016 9:24,118,135,-17,17,0.125925926
7/14/2016 9:29,129,146,-17,17,0.116438356
7/14/2016 9:34,140,156,-16,16,0.102564103
7/14/2016 9:39,150,162,-12,12,0.074074074
7/14/2016 9:44,156,166,-10,10,0.060240964
7/14/2016 9:49,160,171,-11,11,0.064327485
7/14/2016 9:54,165,173,-8,8,0.046242775
7/14/2016 9:59,167,172,-5,5,0.029069767
7/14/2016 10:04,166,173,-7,7,0.040462428
7/14/2016 10:09,167,173,-6,6,0.034682081
7/14/2016 10:14,167,168,-1,1,0.005952381
7/14/2016 10:19,162,168,-6,6,0.035714286
7/14/2016 10:24,162,166,-4,4,0.024096386
7/14/2016 10:29,160,172,-12,12,0.069767442
7/14/2016 10:34,166,176,-10,10,0.056818182
7/14/2016 10:39,170,166,4,4,0.024096386
7/14/2016 10:44,160,165,-5,5,0.03030303
7/14/2016 10:49,159,161,-2,2,0.01242236
7/14/2016 10:54,155,160,-5,5,0.03125
7/14/2016 10:59,154,167,-13,13,0.077844311
7/14/2016 11:04,161,164,-3,3,0.018292683
7/14/2016 11:09,158,159,-1,1,0.006289308
7/14/2016 11:14,153,157,-4,4,0.025477707
7/14/2016 11:19,151,153,-2,2,0.013071895
7/14/2016 11:24,147,152,-5,5,0.032894737
7/14/2016 11:29,146,151,-5,5,0.033112583
7/14/2016 11:34,145,149,-4,4,0.026845638
7/14/2016 11:39,143,146,-3,3,0.020547945
7/14/2016 11:44,140,145,-5,5,0.034482759
7/14/2016 11:49,139,142,-3,3,0.021126761
7/14/2016 11:54,136,147,-11,11,0.074829932
7/14/2016 11:59,141,150,-9,9,0.06
7/14/2016 12:04,144,152,-8,8,0.052631579
7/14/2016 12:09,146,156,-10,10,0.064102564
7/14/2016 12:14,150,154,-4,4,0.025974026
7/14/2016 12:19,148,152,-4,4,0.026315789
7/14/2016 12:24,146,152,-6,6,0.039473684
7/14/2016 12:29,146,150,-4,4,0.026666667
7/14/2016 12:34,144,147,-3,3,0.020408163
7/14/2016 12:39,141,144,-3,3,0.020833333
7/14/2016 12:59,154,141,13,13,0.092198582
7/14/2016 12:59,154,141,13,13,0.092198582
7/14/2016 13:04,157,146,11,11,0.075342466
7/14/2016 13:09,173,168,5,5,0.029761905
7/14/2016 13:14,189,183,6,6,0.032786885
7/14/2016 13:19,165,192,-27,27,0.140625
7/14/2016 13:24,174,182,-8,8,0.043956044
7/14/2016 13:29,164,189,-25,25,0.132275132
7/14/2016 13:34,171,190,-19,19,0.1
7/14/2016 13:39,172,194,-22,22,0.113402062
7/14/2016 13:44,176,205,-29,29,0.141463415
7/14/2016 13:49,187,212,-25,25,0.117924528
7/14/2016 13:54,194,219,-25,25,0.114155251
7/14/2016 13:59,201,227,-26,26,0.114537445
7/14/2016 14:04,209,225,-16,16,0.071111111
7/14/2016 14:09,207,213,-6,6,0.028169014
7/14/2016 14:14,195,230,-35,35,0.152173913
7/14/2016 14:19,212,233,-21,21,0.090128755
7/14/2016 14:24,215,245,-30,30,0.12244898
7/14/2016 14:29,227,256,-29,29,0.11328125
7/14/2016 14:34,238,264,-26,26,0.098484848
7/14/2016 14:39,246,273,-27,27,0.098901099
7/14/2016 14:44,255,278,-23,23,0.082733813
7/14/2016 14:49,260,276,-16,16,0.057971014
7/14/2016 14:54,258,268,-10,10,0.037313433
7/14/2016 14:59,250,247,3,3,0.012145749
7/14/2016 15:04,229,232,-3,3,0.012931034
7/14/2016 15:09,214,247,-33,33,0.133603239
7/14/2016 15:14,229,242,-13,13,0.053719008
7/14/2016 15:19,224,246,-22,22,0.089430894
7/14/2016 15:24,228,251,-23,23,0.091633466
7/14/2016 15:29,233,241,-8,8,0.033195021
7/14/2016 15:34,223,223,0,0,0
7/14/2016 15:39,205,220,-15,15,0.068181818
7/14/2016 15:44,202,211,-9,9,0.042654028
7/14/2016 15:49,193,201,-8,8,0.039800995
7/14/2016 15:54,183,188,-5,5,0.026595745
7/14/2016 15:59,170,184,-14,14,0.076086957
7/14/2016 16:04,166,183,-17,17,0.092896175
7/14/2016 16:09,165,177,-12,12,0.06779661
7/14/2016 16:12,165,156,9,9,0.057692308
7/14/2016 16:14,149,153,-4,4,0.026143791
7/14/2016 16:19,135,152,-17,17,0.111842105
7/14/2016 16:24,134,139,-5,5,0.035971223
7/14/2016 16:29,121,125,-4,4,0.032
7/14/2016 16:34,107,118,-11,11,0.093220339
7/14/2016 16:39,100,124,-24,24,0.193548387
7/14/2016 16:44,106,120,-14,14,0.116666667
7/14/2016 16:49,102,106,-4,4,0.037735849
7/14/2016 16:54,88,84,4,4,0.047619048
7/14/2016 17:04,47,88,-41,41,0.465909091
7/14/2016 17:09,70,69,1,1,0.014492754
7/14/2016 19:28,82,116,-34,34,0.293103448
7/14/2016 19:28,82,116,-34,34,0.293103448
7/14/2016 19:29,118,104,14,14,0.134615385
7/14/2016 19:34,126,104,22,22,0.211538462
7/14/2016 19:39,134,103,31,31,0.300970874
7/14/2016 19:44,94,107,-13,13,0.121495327
7/14/2016 19:49,98,112,-14,14,0.125
7/14/2016 19:54,103,122,-19,19,0.155737705
7/14/2016 19:59,113,142,-29,29,0.204225352
7/14/2016 20:04,133,153,-20,20,0.130718954
7/14/2016 20:09,144,164,-20,20,0.12195122
7/14/2016 20:14,155,173,-18,18,0.104046243
7/14/2016 20:19,164,176,-12,12,0.068181818
7/14/2016 20:24,167,175,-8,8,0.045714286
7/14/2016 20:29,166,168,-2,2,0.011904762
7/14/2016 20:34,159,163,-4,4,0.024539877
7/14/2016 20:39,154,160,-6,6,0.0375
7/14/2016 20:44,151,161,-10,10,0.062111801
7/14/2016 20:49,152,159,-7,7,0.044025157
7/14/2016 20:54,150,153,-3,3,0.019607843
7/14/2016 20:59,144,152,-8,8,0.052631579
7/14/2016 21:04,143,147,-4,4,0.027210884
7/14/2016 21:09,138,143,-5,5,0.034965035
7/14/2016 21:14,134,139,-5,5,0.035971223
7/14/2016 21:19,130,135,-5,5,0.037037037
7/14/2016 21:24,126,132,-6,6,0.045454545
7/14/2016 21:29,123,128,-5,5,0.0390625
7/14/2016 21:44,101,119,-18,18,0.151260504
7/14/2016 21:49,110,113,-3,3,0.026548673
7/14/2016 21:54,104,111,-7,7,0.063063063
7/14/2016 21:59,102,106,-4,4,0.037735849
7/14/2016 22:04,97,102,-5,5,0.049019608
7/14/2016 22:09,93,103,-10,10,0.097087379
7/14/2016 22:14,94,105,-11,11,0.104761905
7/14/2016 22:19,96,104,-8,8,0.076923077
7/14/2016 22:24,95,102,-7,7,0.068627451
7/14/2016 22:29,93,102,-9,9,0.088235294
7/14/2016 22:34,93,102,-9,9,0.088235294
7/14/2016 22:39,93,102,-9,9,0.088235294
7/14/2016 22:44,93,103,-10,10,0.097087379
7/14/2016 22:49,94,106,-12,12,0.113207547
7/14/2016 22:54,97,109,-12,12,0.110091743
7/14/2016 22:59,100,112,-12,12,0.107142857
7/14/2016 23:04,103,114,-11,11,0.096491228
7/14/2016 23:09,105,125,-20,20,0.16
7/14/2016 23:14,116,129,-13,13,0.100775194
7/14/2016 23:29,102,154,-52,52,0.337662338
7/14/2016 23:34,145,157,-12,12,0.076433121
7/14/2016 23:39,148,165,-17,17,0.103030303
7/14/2016 23:52,179,177,2,2,0.011299435
7/14/2016 23:52,179,177,2,2,0.011299435
7/14/2016 23:54,177,170,7,7,0.041176471
7/14/2016 23:59,177,178,-1,1,0.005617978
7/15/2016 0:04,177,173,4,4,0.023121387
7/15/2016 0:09,169,171,-2,2,0.011695906
7/15/2016 0:14,167,172,-5,5,0.029069767
7/15/2016 0:19,168,171,-3,3,0.01754386
7/15/2016 0:24,167,165,2,2,0.012121212
7/15/2016 0:29,161,158,3,3,0.018987342
7/15/2016 0:34,154,153,1,1,0.006535948
7/15/2016 0:39,149,149,0,0,0
7/15/2016 0:44,145,144,1,1,0.006944444
7/15/2016 0:49,140,140,0,0,0
7/15/2016 0:54,136,137,-1,1,0.00729927
7/15/2016 0:59,133,134,-1,1,0.007462687
7/15/2016 1:04,130,131,-1,1,0.007633588
7/15/2016 1:09,127,129,-2,2,0.015503876
7/15/2016 1:14,125,131,-6,6,0.045801527
7/15/2016 1:19,127,130,-3,3,0.023076923
7/15/2016 1:24,126,126,0,0,0
7/15/2016 1:29,122,122,0,0,0
7/15/2016 1:34,118,115,3,3,0.026086957
7/15/2016 1:39,111,111,0,0,0
7/15/2016 1:44,107,109,-2,2,0.018348624
7/15/2016 1:49,105,109,-4,4,0.036697248
7/15/2016 1:54,105,113,-8,8,0.07079646
7/15/2016 1:59,109,111,-2,2,0.018018018
7/15/2016 2:04,107,108,-1,1,0.009259259
7/15/2016 2:09,104,105,-1,1,0.00952381
7/15/2016 2:14,101,101,0,0,0
7/15/2016 2:19,97,99,-2,2,0.02020202
7/15/2016 2:24,95,97,-2,2,0.020618557
7/15/2016 2:29,93,96,-3,3,0.03125
7/15/2016 2:34,92,95,-3,3,0.031578947
7/15/2016 2:39,91,94,-3,3,0.031914894
7/15/2016 2:44,90,93,-3,3,0.032258065
7/15/2016 2:49,89,93,-4,4,0.043010753
7/15/2016 2:54,89,95,-6,6,0.063157895
7/15/2016 2:59,91,93,-2,2,0.021505376
7/15/2016 3:04,89,94,-5,5,0.053191489
7/15/2016 3:09,90,94,-4,4,0.042553191
7/15/2016 3:14,90,94,-4,4,0.042553191
7/15/2016 3:19,90,93,-3,3,0.032258065
7/15/2016 3:24,89,93,-4,4,0.043010753
7/15/2016 3:29,89,94,-5,5,0.053191489
7/15/2016 3:34,90,96,-6,6,0.0625
7/15/2016 3:39,92,97,-5,5,0.051546392
7/15/2016 3:44,93,97,-4,4,0.041237113
7/15/2016 3:49,93,98,-5,5,0.051020408
7/15/2016 3:54,94,99,-5,5,0.050505051
7/15/2016 3:59,95,97,-2,2,0.020618557
7/15/2016 4:04,93,98,-5,5,0.051020408
7/15/2016 7:34,130,132,-2,2,0.015151515
7/15/2016 7:34,130,132,-2,2,0.015151515
7/15/2016 7:39,137,136,1,1,0.007352941
7/15/2016 7:44,142,140,2,2,0.014285714
7/15/2016 7:49,147,139,8,8,0.057553957
7/15/2016 7:54,131,142,-11,11,0.077464789
7/15/2016 7:59,134,140,-6,6,0.042857143
7/15/2016 8:19,106,126,-20,20,0.158730159
7/15/2016 8:24,118,125,-7,7,0.056
7/15/2016 8:29,117,119,-2,2,0.016806723
7/15/2016 8:34,111,116,-5,5,0.043103448
7/15/2016 8:39,108,106,2,2,0.018867925
7/15/2016 8:44,98,96,2,2,0.020833333
7/15/2016 8:49,88,86,2,2,0.023255814
7/15/2016 8:54,78,80,-2,2,0.025
7/15/2016 8:59,72,76,-4,4,0.052631579
7/15/2016 9:04,68,75,-7,7,0.093333333
7/15/2016 9:09,67,77,-10,10,0.12987013
7/15/2016 9:14,69,82,-13,13,0.158536585
7/15/2016 9:19,74,90,-16,16,0.177777778
7/15/2016 9:24,88,101,-13,13,0.128712871
7/15/2016 9:54,173,173,0,0,0
7/15/2016 9:59,171,189,-18,18,0.095238095
7/15/2016 10:09,185,196,-11,11,0.056122449
7/15/2016 10:14,194,200,-6,6,0.03
7/15/2016 10:19,198,205,-7,7,0.034146341
7/15/2016 10:24,205,207,-2,2,0.009661836
7/15/2016 10:24,205,207,-2,2,0.009661836
7/15/2016 10:29,207,214,-7,7,0.03271028
7/15/2016 10:34,207,220,-13,13,0.059090909
7/15/2016 10:39,207,227,-20,20,0.088105727
7/15/2016 10:44,224,226,-2,2,0.008849558
7/15/2016 10:49,223,224,-1,1,0.004464286
7/15/2016 10:54,221,219,2,2,0.00913242
7/15/2016 10:59,216,218,-2,2,0.009174312
7/15/2016 11:04,215,215,0,0,0
7/15/2016 11:09,212,213,-1,1,0.004694836
7/15/2016 11:14,210,205,5,5,0.024390244
7/15/2016 11:19,202,203,-1,1,0.004926108
7/15/2016 11:24,200,200,0,0,0
7/15/2016 11:29,197,197,0,0,0
7/15/2016 11:34,194,202,-8,8,0.03960396
7/15/2016 11:39,199,201,-2,2,0.009950249
7/15/2016 11:44,198,201,-3,3,0.014925373
7/15/2016 11:49,198,195,3,3,0.015384615
7/15/2016 11:54,192,188,4,4,0.021276596
7/15/2016 11:59,185,183,2,2,0.010928962
7/15/2016 12:04,180,179,1,1,0.005586592
7/15/2016 12:09,176,178,-2,2,0.011235955
7/15/2016 12:14,175,176,-1,1,0.005681818
7/15/2016 12:19,176,175,1,1,0.005714286
7/15/2016 12:19,176,175,1,1,0.005714286
7/15/2016 12:24,184,177,7,7,0.039548023
7/15/2016 12:29,193,173,20,20,0.115606936
7/15/2016 12:34,202,175,27,27,0.154285714
7/15/2016 12:39,163,180,-17,17,0.094444444
7/15/2016 12:44,168,189,-21,21,0.111111111
7/15/2016 12:49,177,197,-20,20,0.101522843
7/15/2016 12:54,185,204,-19,19,0.093137255
7/15/2016 12:59,192,211,-19,19,0.090047393
7/15/2016 13:04,199,211,-12,12,0.056872038
7/15/2016 13:09,199,207,-8,8,0.038647343
7/15/2016 13:14,195,207,-12,12,0.057971014
7/15/2016 13:19,195,195,0,0,0
7/15/2016 13:24,183,184,-1,1,0.005434783
7/15/2016 13:29,172,175,-3,3,0.017142857
7/15/2016 13:34,163,166,-3,3,0.018072289
7/15/2016 13:39,154,155,-1,1,0.006451613
7/15/2016 13:44,143,154,-11,11,0.071428571
7/15/2016 13:49,142,157,-15,15,0.095541401
7/15/2016 13:54,145,153,-8,8,0.052287582
7/15/2016 13:59,141,160,-19,19,0.11875
7/15/2016 14:04,148,150,-2,2,0.013333333
7/15/2016 14:09,138,150,-12,12,0.08
7/15/2016 14:14,138,151,-13,13,0.086092715
7/15/2016 14:19,139,156,-17,17,0.108974359
7/15/2016 14:24,144,164,-20,20,0.12195122
7/15/2016 14:29,152,166,-14,14,0.084337349
7/15/2016 14:34,154,164,-10,10,0.06097561
7/15/2016 14:39,152,161,-9,9,0.055900621
7/15/2016 14:44,149,162,-13,13,0.080246914
7/15/2016 14:49,150,157,-7,7,0.044585987
7/15/2016 14:54,145,157,-12,12,0.076433121
7/15/2016 14:59,145,153,-8,8,0.052287582
7/15/2016 15:04,141,146,-5,5,0.034246575
7/15/2016 15:09,134,137,-3,3,0.02189781
7/15/2016 15:14,125,134,-9,9,0.067164179
7/15/2016 15:19,122,131,-9,9,0.06870229
7/15/2016 15:24,119,130,-11,11,0.084615385
7/15/2016 15:29,118,128,-10,10,0.078125
7/15/2016 15:34,116,120,-4,4,0.033333333
7/15/2016 15:39,108,112,-4,4,0.035714286
7/15/2016 15:44,100,111,-11,11,0.099099099
7/15/2016 15:49,99,109,-10,10,0.091743119
7/15/2016 15:54,97,108,-11,11,0.101851852
7/15/2016 15:59,96,110,-14,14,0.127272727
7/15/2016 16:04,98,111,-13,13,0.117117117
7/15/2016 16:09,99,107,-8,8,0.074766355
7/15/2016 16:34,48,78,-30,30,0.384615385
7/15/2016 17:52,151,181,-30,30,0.165745856
7/15/2016 17:52,151,181,-30,30,0.165745856
7/15/2016 17:54,182,179,3,3,0.016759777
7/15/2016 18:04,189,196,-7,7,0.035714286
7/15/2016 18:09,192,184,8,8,0.043478261
7/15/2016 18:14,178,183,-5,5,0.027322404
7/15/2016 18:19,177,178,-1,1,0.005617978
7/15/2016 18:24,172,180,-8,8,0.044444444
7/15/2016 18:29,174,178,-4,4,0.02247191
7/15/2016 18:34,172,168,4,4,0.023809524
7/15/2016 18:39,162,171,-9,9,0.052631579
7/15/2016 18:44,165,172,-7,7,0.040697674
7/15/2016 18:49,166,174,-8,8,0.045977011
7/15/2016 18:54,168,177,-9,9,0.050847458
7/15/2016 18:59,171,179,-8,8,0.044692737
7/15/2016 19:04,173,181,-8,8,0.044198895
7/15/2016 19:29,152,191,-39,39,0.204188482
7/15/2016 19:34,191,193,-2,2,0.010362694
7/15/2016 19:34,191,193,-2,2,0.010362694
7/15/2016 19:39,201,197,4,4,0.020304569
7/15/2016 19:44,209,199,10,10,0.050251256
7/15/2016 19:49,217,200,17,17,0.085
7/15/2016 19:54,191,203,-12,12,0.0591133
7/15/2016 19:59,194,204,-10,10,0.049019608
7/15/2016 20:04,195,205,-10,10,0.048780488
7/15/2016 20:09,196,194,2,2,0.010309278
7/15/2016 20:14,185,193,-8,8,0.041450777
7/15/2016 20:19,184,194,-10,10,0.051546392
7/15/2016 20:24,185,191,-6,6,0.031413613
7/15/2016 20:29,182,191,-9,9,0.047120419
7/15/2016 20:34,182,189,-7,7,0.037037037
7/15/2016 20:39,180,185,-5,5,0.027027027
7/15/2016 20:44,176,180,-4,4,0.022222222
7/15/2016 20:49,171,176,-5,5,0.028409091
7/15/2016 20:54,167,172,-5,5,0.029069767
7/15/2016 20:59,163,161,2,2,0.01242236
7/15/2016 21:04,152,152,0,0,0
7/15/2016 21:09,143,142,1,1,0.007042254
7/15/2016 21:14,133,130,3,3,0.023076923
7/15/2016 21:19,121,118,3,3,0.025423729
7/15/2016 21:24,109,106,3,3,0.028301887
7/15/2016 21:29,97,98,-1,1,0.010204082
7/15/2016 21:34,89,93,-4,4,0.043010753
7/15/2016 21:39,84,91,-7,7,0.076923077
7/15/2016 21:44,82,88,-6,6,0.068181818
7/15/2016 21:49,79,86,-7,7,0.081395349
7/15/2016 21:54,77,88,-11,11,0.125
7/15/2016 21:59,79,89,-10,10,0.112359551
7/15/2016 22:04,80,88,-8,8,0.090909091
7/15/2016 22:14,70,83,-13,13,0.156626506
7/15/2016 22:29,57,81,-24,24,0.296296296
7/15/2016 22:34,72,79,-7,7,0.088607595
7/15/2016 22:44,62,82,-20,20,0.243902439
7/15/2016 22:49,73,82,-9,9,0.109756098
7/15/2016 22:54,73,83,-10,10,0.120481928
7/15/2016 22:59,74,82,-8,8,0.097560976
7/15/2016 23:04,73,82,-9,9,0.109756098
7/15/2016 23:09,73,83,-10,10,0.120481928
7/15/2016 23:14,74,84,-10,10,0.119047619
7/15/2016 23:19,75,83,-8,8,0.096385542
7/15/2016 23:24,74,80,-6,6,0.075
7/15/2016 23:29,71,78,-7,7,0.08974359
7/15/2016 23:34,69,77,-8,8,0.103896104
7/15/2016 23:39,68,72,-4,4,0.055555556
7/15/2016 23:44,63,71,-8,8,0.112676056
7/16/2016 2:54,300,303,-3,3,0.00990099
7/16/2016 2:54,300,303,-3,3,0.00990099
7/16/2016 2:59,303,304,-1,1,0.003289474
7/16/2016 3:04,303,311,-8,8,0.025723473
7/16/2016 3:09,303,312,-9,9,0.028846154
7/16/2016 3:14,306,310,-4,4,0.012903226
7/16/2016 3:19,304,307,-3,3,0.009771987
7/16/2016 3:24,301,303,-2,2,0.00660066
7/16/2016 3:29,297,285,12,12,0.042105263
7/16/2016 3:34,279,279,0,0,0
7/16/2016 3:39,273,275,-2,2,0.007272727
7/16/2016 3:44,269,269,0,0,0
7/16/2016 3:49,263,262,1,1,0.003816794
7/16/2016 3:54,256,254,2,2,0.007874016
7/16/2016 3:59,248,245,3,3,0.012244898
7/16/2016 4:04,239,236,3,3,0.012711864
7/16/2016 4:09,230,227,3,3,0.013215859
7/16/2016 4:14,221,215,6,6,0.027906977
7/16/2016 4:19,209,204,5,5,0.024509804
7/16/2016 4:24,198,196,2,2,0.010204082
7/16/2016 4:29,190,189,1,1,0.005291005
7/16/2016 4:34,183,167,16,16,0.095808383
7/16/2016 4:39,161,154,7,7,0.045454545
7/16/2016 4:44,148,148,0,0,0
7/16/2016 4:49,142,135,7,7,0.051851852
7/16/2016 4:54,129,128,1,1,0.0078125
7/16/2016 4:59,122,132,-10,10,0.075757576
7/16/2016 5:04,126,135,-9,9,0.066666667
7/16/2016 5:09,129,138,-9,9,0.065217391
7/16/2016 5:14,132,133,-1,1,0.007518797
7/16/2016 5:19,127,130,-3,3,0.023076923
7/16/2016 5:24,124,121,3,3,0.024793388
7/16/2016 5:29,115,111,4,4,0.036036036
7/16/2016 5:34,105,107,-2,2,0.018691589
7/16/2016 5:39,101,101,0,0,0
7/16/2016 5:44,95,98,-3,3,0.030612245
7/16/2016 5:49,92,94,-2,2,0.021276596
7/16/2016 5:54,88,90,-2,2,0.022222222
7/16/2016 5:59,84,88,-4,4,0.045454545
7/16/2016 6:04,82,89,-7,7,0.078651685
7/16/2016 6:09,83,88,-5,5,0.056818182
7/16/2016 6:14,82,86,-4,4,0.046511628
7/16/2016 6:19,80,83,-3,3,0.036144578
7/16/2016 6:24,77,80,-3,3,0.0375
7/16/2016 6:29,74,77,-3,3,0.038961039
7/16/2016 6:34,71,78,-7,7,0.08974359
7/16/2016 6:39,72,77,-5,5,0.064935065
7/16/2016 6:44,71,76,-5,5,0.065789474
7/16/2016 6:54,65,77,-12,12,0.155844156
7/16/2016 6:59,71,76,-5,5,0.065789474
7/16/2016 7:01,74,108,-34,34,0.314814815
7/16/2016 7:04,104,98,6,6,0.06122449
7/16/2016 7:09,92,104,-12,12,0.115384615
7/16/2016 8:59,100,96,4,4,0.041666667
7/16/2016 8:59,100,96,4,4,0.041666667
7/16/2016 9:04,112,97,15,15,0.154639175
7/16/2016 9:09,128,102,26,26,0.254901961
7/16/2016 9:39,223,109,114,114,1.04587156
7/16/2016 9:44,92,117,-25,25,0.213675214
7/16/2016 9:49,100,118,-18,18,0.152542373
7/16/2016 9:59,84,124,-40,40,0.322580645
7/16/2016 10:04,107,129,-22,22,0.170542636
7/16/2016 10:09,112,125,-13,13,0.104
7/16/2016 10:14,123,124,-1,1,0.008064516
7/16/2016 10:59,117,117,0,0,0
7/16/2016 11:04,115,103,12,12,0.116504854
7/16/2016 11:09,101,93,8,8,0.086021505
7/16/2016 11:14,91,89,2,2,0.02247191
7/16/2016 11:19,87,84,3,3,0.035714286
7/16/2016 11:24,82,81,1,1,0.012345679
7/16/2016 11:29,79,76,3,3,0.039473684
7/16/2016 11:34,74,73,1,1,0.01369863
7/16/2016 11:39,71,70,1,1,0.014285714
7/16/2016 11:44,68,67,1,1,0.014925373
7/16/2016 12:04,59,63,-4,4,0.063492063
7/16/2016 12:09,61,70,-9,9,0.128571429
7/16/2016 12:14,68,77,-9,9,0.116883117
7/16/2016 12:19,75,83,-8,8,0.096385542
7/16/2016 12:24,81,84,-3,3,0.035714286
7/16/2016 12:29,82,88,-6,6,0.068181818
7/16/2016 12:34,86,87,-1,1,0.011494253
7/16/2016 12:39,85,92,-7,7,0.076086957
7/16/2016 12:44,90,95,-5,5,0.052631579
7/16/2016 12:49,93,104,-11,11,0.105769231
7/16/2016 12:54,102,115,-13,13,0.113043478
7/16/2016 12:59,113,120,-7,7,0.058333333
7/16/2016 13:04,118,122,-4,4,0.032786885
7/16/2016 13:09,120,126,-6,6,0.047619048
7/16/2016 13:14,126,145,-19,19,0.131034483
7/16/2016 13:14,126,145,-19,19,0.131034483
7/16/2016 13:19,164,165,-1,1,0.006060606
7/16/2016 13:24,183,174,9,9,0.051724138
7/16/2016 13:29,202,187,15,15,0.080213904
7/16/2016 13:34,166,187,-21,21,0.112299465
7/16/2016 13:39,185,189,-4,4,0.021164021
7/16/2016 14:24,197,197,0,0,0
7/16/2016 14:34,195,212,-17,17,0.080188679
7/16/2016 14:39,211,215,-4,4,0.018604651
7/16/2016 14:44,214,218,-4,4,0.018348624
7/16/2016 14:49,217,222,-5,5,0.022522523
7/16/2016 15:39,199,199,0,0,0
7/16/2016 16:04,193,156,37,37,0.237179487
7/16/2016 16:09,155,142,13,13,0.091549296
7/16/2016 16:44,69,69,0,0,0
7/16/2016 16:49,68,70,-2,2,0.028571429
7/16/2016 16:54,69,71,-2,2,0.028169014
7/16/2016 16:59,70,75,-5,5,0.066666667
7/16/2016 17:04,74,80,-6,6,0.075
7/16/2016 17:09,79,83,-4,4,0.048192771
7/16/2016 17:14,82,84,-2,2,0.023809524
7/16/2016 17:19,83,81,2,2,0.024691358
7/16/2016 17:24,80,81,-1,1,0.012345679
7/16/2016 17:29,80,84,-4,4,0.047619048
7/16/2016 19:29,77,80,-3,3,0.0375
7/16/2016 19:29,77,80,-3,3,0.0375
7/16/2016 19:34,88,81,7,7,0.086419753
7/16/2016 20:29,173,84,89,89,1.05952381
7/16/2016 20:34,181,85,96,96,1.129411765
7/16/2016 20:39,77,87,-10,10,0.114942529
7/16/2016 20:44,79,87,-8,8,0.091954023
7/16/2016 20:49,79,87,-8,8,0.091954023
7/16/2016 20:54,79,85,-6,6,0.070588235
7/16/2016 20:59,77,82,-5,5,0.06097561
7/16/2016 21:04,74,82,-8,8,0.097560976
7/16/2016 21:09,74,88,-14,14,0.159090909
7/16/2016 21:14,80,94,-14,14,0.14893617
7/16/2016 21:19,86,97,-11,11,0.113402062
7/16/2016 21:24,89,102,-13,13,0.12745098
7/16/2016 21:29,94,109,-15,15,0.137614679
7/16/2016 21:34,101,113,-12,12,0.10619469
7/16/2016 21:39,105,113,-8,8,0.07079646
7/16/2016 21:44,105,111,-6,6,0.054054054
7/16/2016 21:49,103,111,-8,8,0.072072072
7/16/2016 21:54,103,111,-8,8,0.072072072
7/16/2016 21:59,103,112,-9,9,0.080357143
7/16/2016 22:04,104,112,-8,8,0.071428571
7/16/2016 22:09,104,110,-6,6,0.054545455
7/16/2016 22:14,102,110,-8,8,0.072727273
7/16/2016 22:19,102,110,-8,8,0.072727273
7/16/2016 22:24,102,110,-8,8,0.072727273
7/16/2016 22:29,102,113,-11,11,0.097345133
7/16/2016 22:34,105,118,-13,13,0.110169492
7/16/2016 22:39,110,119,-9,9,0.075630252
7/16/2016 22:44,111,120,-9,9,0.075
7/16/2016 22:49,112,120,-8,8,0.066666667
7/16/2016 22:54,112,120,-8,8,0.066666667
7/16/2016 22:59,112,120,-8,8,0.066666667
7/16/2016 23:04,112,118,-6,6,0.050847458
7/16/2016 23:09,110,119,-9,9,0.075630252
7/16/2016 23:11,115,105,10,10,0.095238095
7/16/2016 23:14,100,106,-6,6,0.056603774
7/16/2016 23:19,98,107,-9,9,0.08411215
7/16/2016 23:24,99,110,-11,11,0.1
7/16/2016 23:29,102,112,-10,10,0.089285714
7/16/2016 23:34,104,114,-10,10,0.087719298
7/16/2016 23:39,106,114,-8,8,0.070175439
7/16/2016 23:44,106,111,-5,5,0.045045045
7/17/2016 5:24,210,205,5,5,0.024390244
7/17/2016 5:24,210,205,5,5,0.024390244
7/17/2016 5:29,205,201,4,4,0.019900498
7/17/2016 5:34,205,198,7,7,0.035353535
7/17/2016 5:39,205,198,7,7,0.035353535
7/17/2016 5:44,193,204,-11,11,0.053921569
7/17/2016 5:49,199,206,-7,7,0.033980583
7/17/2016 5:54,201,205,-4,4,0.019512195
7/17/2016 5:59,200,201,-1,1,0.004975124
7/17/2016 6:04,196,196,0,0,0
7/17/2016 6:09,191,193,-2,2,0.010362694
7/17/2016 6:14,188,190,-2,2,0.010526316
7/17/2016 6:19,185,186,-1,1,0.005376344
7/17/2016 6:24,181,181,0,0,0
7/17/2016 6:29,176,176,0,0,0
7/17/2016 6:34,171,171,0,0,0
7/17/2016 6:39,166,165,1,1,0.006060606
7/17/2016 6:44,160,162,-2,2,0.012345679
7/17/2016 6:49,157,157,0,0,0
7/17/2016 6:54,152,151,1,1,0.006622517
7/17/2016 6:59,146,145,1,1,0.006896552
7/17/2016 7:04,140,127,13,13,0.102362205
7/17/2016 7:09,122,119,3,3,0.025210084
7/17/2016 7:14,114,120,-6,6,0.05
7/17/2016 7:19,115,113,2,2,0.017699115
7/17/2016 7:24,108,105,3,3,0.028571429
7/17/2016 7:29,100,96,4,4,0.041666667
7/17/2016 7:34,91,92,-1,1,0.010869565
7/17/2016 7:39,87,88,-1,1,0.011363636
7/17/2016 7:44,83,90,-7,7,0.077777778
7/17/2016 7:49,85,85,0,0,0
7/17/2016 7:54,80,79,1,1,0.012658228
7/17/2016 7:59,74,73,1,1,0.01369863
7/17/2016 8:04,68,71,-3,3,0.042253521
7/17/2016 8:09,66,68,-2,2,0.029411765
7/17/2016 8:14,63,64,-1,1,0.015625
7/17/2016 8:19,59,61,-2,2,0.032786885
7/17/2016 8:24,56,57,-1,1,0.01754386
7/17/2016 8:29,52,55,-3,3,0.054545455
7/17/2016 8:34,50,53,-3,3,0.056603774
7/17/2016 8:39,48,52,-4,4,0.076923077
7/17/2016 8:44,47,50,-3,3,0.06
7/17/2016 8:49,45,49,-4,4,0.081632653
7/17/2016 8:54,44,47,-3,3,0.063829787
7/17/2016 8:59,42,45,-3,3,0.066666667
7/17/2016 9:04,40,44,-4,4,0.090909091
7/17/2016 9:09,39,45,-6,6,0.133333333
7/17/2016 9:14,40,46,-6,6,0.130434783
7/17/2016 9:19,41,48,-7,7,0.145833333
7/17/2016 9:24,43,47,-4,4,0.085106383
7/17/2016 9:29,42,52,-10,10,0.192307692
7/17/2016 9:34,47,65,-18,18,0.276923077
7/17/2016 9:39,60,88,-28,28,0.318181818
7/17/2016 11:04,163,173,-10,10,0.057803468
7/17/2016 11:04,163,173,-10,10,0.057803468
7/17/2016 11:09,182,183,-1,1,0.005464481
7/17/2016 11:14,191,186,5,5,0.02688172
7/17/2016 11:14,191,188,3,3,0.015957447
7/17/2016 11:19,179,185,-6,6,0.032432432
7/17/2016 11:24,176,187,-11,11,0.058823529
7/17/2016 11:29,178,184,-6,6,0.032608696
7/17/2016 11:34,175,182,-7,7,0.038461538
7/17/2016 11:39,173,182,-9,9,0.049450549
7/17/2016 11:49,163,179,-16,16,0.089385475
7/17/2016 11:54,170,177,-7,7,0.039548023
7/17/2016 11:59,168,175,-7,7,0.04
7/17/2016 12:04,166,175,-9,9,0.051428571
7/17/2016 12:09,175,175,0,0,0
7/17/2016 12:09,175,175,0,0,0
7/17/2016 12:14,183,177,6,6,0.033898305
7/17/2016 12:19,191,179,12,12,0.067039106
7/17/2016 12:24,199,180,19,19,0.105555556
7/17/2016 12:29,170,178,-8,8,0.04494382
7/17/2016 12:34,168,169,-1,1,0.00591716
7/17/2016 12:39,159,157,2,2,0.012738854
7/17/2016 12:44,147,146,1,1,0.006849315
7/17/2016 12:49,136,135,1,1,0.007407407
7/17/2016 12:54,125,125,0,0,0
7/17/2016 12:59,115,118,-3,3,0.025423729
7/17/2016 13:04,108,111,-3,3,0.027027027
7/17/2016 13:09,101,108,-7,7,0.064814815
7/17/2016 13:14,98,111,-13,13,0.117117117
7/17/2016 13:19,101,116,-15,15,0.129310345
7/17/2016 13:24,106,118,-12,12,0.101694915
7/17/2016 13:29,108,119,-11,11,0.092436975
7/17/2016 13:44,90,104,-14,14,0.134615385
7/17/2016 13:49,94,101,-7,7,0.069306931
7/17/2016 13:59,81,77,4,4,0.051948052
7/17/2016 14:04,67,70,-3,3,0.042857143
7/17/2016 14:14,50,63,-13,13,0.206349206
7/17/2016 14:19,53,60,-7,7,0.116666667
7/17/2016 14:24,50,59,-9,9,0.152542373
7/17/2016 14:29,49,59,-10,10,0.169491525
7/17/2016 14:34,49,58,-9,9,0.155172414
7/17/2016 14:39,48,66,-18,18,0.272727273
7/17/2016 14:44,56,73,-17,17,0.232876712
7/17/2016 14:49,63,73,-10,10,0.136986301
7/17/2016 14:54,63,74,-11,11,0.148648649
7/17/2016 14:59,64,74,-10,10,0.135135135
7/17/2016 15:04,64,77,-13,13,0.168831169
7/17/2016 15:09,67,83,-16,16,0.192771084
7/17/2016 15:14,73,87,-14,14,0.16091954
7/17/2016 15:19,77,89,-12,12,0.134831461
7/17/2016 15:24,79,87,-8,8,0.091954023
7/17/2016 15:29,77,83,-6,6,0.072289157
7/17/2016 15:34,73,85,-12,12,0.141176471
7/17/2016 15:39,75,85,-10,10,0.117647059
7/17/2016 15:44,75,90,-15,15,0.166666667
7/17/2016 15:49,80,96,-16,16,0.166666667
7/17/2016 15:54,86,98,-12,12,0.12244898
7/17/2016 15:59,88,102,-14,14,0.137254902
7/17/2016 16:04,92,110,-18,18,0.163636364
7/17/2016 16:09,100,119,-19,19,0.159663866
7/17/2016 16:19,99,135,-36,36,0.266666667
7/17/2016 16:24,125,144,-19,19,0.131944444
7/17/2016 18:24,218,215,3,3,0.013953488
7/17/2016 18:24,218,215,3,3,0.013953488
7/17/2016 18:34,228,212,16,16,0.075471698
7/17/2016 18:39,235,209,26,26,0.124401914
7/17/2016 18:44,242,207,35,35,0.169082126
7/17/2016 18:49,197,202,-5,5,0.024752475
7/17/2016 18:54,192,200,-8,8,0.04
7/17/2016 18:59,190,193,-3,3,0.015544041
7/17/2016 19:04,183,185,-2,2,0.010810811
7/17/2016 19:09,175,180,-5,5,0.027777778
7/17/2016 19:14,170,173,-3,3,0.01734104
7/17/2016 19:24,153,165,-12,12,0.072727273
7/17/2016 19:29,155,160,-5,5,0.03125
7/17/2016 19:34,150,156,-6,6,0.038461538
7/17/2016 19:39,146,151,-5,5,0.033112583
7/17/2016 19:44,141,148,-7,7,0.047297297
7/17/2016 19:49,138,148,-10,10,0.067567568
7/17/2016 19:54,138,152,-14,14,0.092105263
7/17/2016 19:59,142,156,-14,14,0.08974359
7/17/2016 20:04,146,162,-16,16,0.098765432
7/17/2016 20:09,152,163,-11,11,0.067484663
7/17/2016 20:14,153,166,-13,13,0.078313253
7/17/2016 20:19,156,169,-13,13,0.076923077
7/17/2016 20:24,159,172,-13,13,0.075581395
7/17/2016 20:29,162,176,-14,14,0.079545455
7/17/2016 20:34,166,180,-14,14,0.077777778
7/17/2016 20:39,170,182,-12,12,0.065934066
7/17/2016 20:44,172,186,-14,14,0.075268817
7/17/2016 20:49,176,188,-12,12,0.063829787
7/17/2016 20:54,178,190,-12,12,0.063157895
7/17/2016 20:59,180,196,-16,16,0.081632653
7/17/2016 21:04,186,198,-12,12,0.060606061
7/17/2016 21:09,188,202,-14,14,0.069306931
7/17/2016 21:14,192,206,-14,14,0.067961165
7/17/2016 21:19,196,204,-8,8,0.039215686
7/17/2016 21:29,184,198,-14,14,0.070707071
7/17/2016 21:34,188,194,-6,6,0.030927835
7/17/2016 21:39,184,190,-6,6,0.031578947
7/17/2016 21:44,180,186,-6,6,0.032258065
7/17/2016 21:49,176,186,-10,10,0.053763441
7/17/2016 21:54,176,187,-11,11,0.058823529
7/17/2016 21:59,187,188,-1,1,0.005319149
7/17/2016 21:59,187,188,-1,1,0.005319149
7/17/2016 22:04,188,195,-7,7,0.035897436
7/17/2016 22:09,188,200,-12,12,0.06
7/17/2016 22:14,188,197,-9,9,0.045685279
7/17/2016 22:19,192,198,-6,6,0.03030303
7/17/2016 22:24,193,202,-9,9,0.044554455
7/17/2016 22:29,199,205,-6,6,0.029268293
7/17/2016 23:19,223,223,0,0,0
7/17/2016 23:24,220,218,2,2,0.009174312
7/17/2016 23:29,215,215,0,0,0
7/17/2016 23:34,212,209,3,3,0.014354067
7/17/2016 23:39,206,205,1,1,0.004878049
7/17/2016 23:43,205,206,-1,1,0.004854369
7/17/2016 23:43,205,206,-1,1,0.004854369
7/17/2016 23:44,206,200,6,6,0.03
7/17/2016 23:49,206,196,10,10,0.051020408
7/17/2016 23:54,206,190,16,16,0.084210526
7/17/2016 23:59,186,184,2,2,0.010869565
7/18/2016 0:04,180,181,-1,1,0.005524862
7/18/2016 0:09,178,179,-1,1,0.005586592
7/18/2016 0:14,176,178,-2,2,0.011235955
7/18/2016 0:19,174,180,-6,6,0.033333333
7/18/2016 0:24,176,179,-3,3,0.016759777
7/18/2016 0:29,176,176,0,0,0
7/18/2016 0:34,172,173,-1,1,0.005780347
7/18/2016 0:39,170,171,-1,1,0.005847953
7/18/2016 0:44,168,170,-2,2,0.011764706
7/18/2016 0:49,166,169,-3,3,0.017751479
7/18/2016 0:54,166,168,-2,2,0.011904762
7/18/2016 0:59,164,167,-3,3,0.017964072
7/18/2016 1:04,164,164,0,0,0
7/18/2016 1:09,160,162,-2,2,0.012345679
7/18/2016 1:14,158,163,-5,5,0.030674847
7/18/2016 1:19,160,165,-5,5,0.03030303
7/18/2016 1:24,162,164,-2,2,0.012195122
7/18/2016 1:29,160,162,-2,2,0.012345679
7/18/2016 1:34,158,159,-1,1,0.006289308
7/18/2016 1:39,156,155,1,1,0.006451613
7/18/2016 1:44,152,151,1,1,0.006622517
7/18/2016 1:49,148,149,-1,1,0.006711409
7/18/2016 1:54,146,146,0,0,0
7/18/2016 1:59,142,141,1,1,0.007092199
7/18/2016 2:04,138,136,2,2,0.014705882
7/18/2016 2:09,133,132,1,1,0.007575758
7/18/2016 2:14,128,130,-2,2,0.015384615
7/18/2016 2:19,127,128,-1,1,0.0078125
7/18/2016 2:24,124,124,0,0,0
7/18/2016 2:29,120,122,-2,2,0.016393443
7/18/2016 2:34,118,120,-2,2,0.016666667
7/18/2016 2:39,116,117,-1,1,0.008547009
7/18/2016 2:44,114,115,-1,1,0.008695652
7/18/2016 2:49,112,113,-1,1,0.008849558
7/18/2016 2:54,110,111,-1,1,0.009009009
7/18/2016 2:59,108,109,-1,1,0.009174312
