Date,Predict Value,Actual Value,Residual,Abs. Residual,% Difference
6/28/2016 0:05,114,122,-8,8,0.06557377
6/28/2016 0:10,120,125,-5,5,0.04
6/28/2016 0:15,123,128,-5,5,0.0390625
6/28/2016 0:20,126,132,-6,6,0.045454545
6/28/2016 0:25,130,135,-5,5,0.037037037
6/28/2016 0:30,133,137,-4,4,0.02919708
6/28/2016 0:35,135,140,-5,5,0.035714286
6/28/2016 0:40,138,143,-5,5,0.034965035
6/28/2016 0:45,141,146,-5,5,0.034246575
6/28/2016 0:50,144,149,-5,5,0.033557047
6/28/2016 0:55,147,148,-1,1,0.006756757
6/28/2016 1:00,146,147,-1,1,0.006802721
6/28/2016 1:05,145,146,-1,1,0.006849315
6/28/2016 1:10,144,146,-2,2,0.01369863
6/28/2016 1:15,144,147,-3,3,0.020408163
6/28/2016 1:20,145,148,-3,3,0.02027027
6/28/2016 1:25,146,151,-5,5,0.033112583
6/28/2016 1:30,149,153,-4,4,0.026143791
6/28/2016 1:35,151,156,-5,5,0.032051282
6/28/2016 1:40,154,157,-3,3,0.01910828
6/28/2016 1:45,155,157,-2,2,0.012738854
6/28/2016 1:50,155,157,-2,2,0.012738854
6/28/2016 1:55,155,158,-3,3,0.018987342
6/28/2016 2:00,156,158,-2,2,0.012658228
6/28/2016 2:05,156,159,-3,3,0.018867925
6/28/2016 2:10,157,160,-3,3,0.01875
6/28/2016 2:15,158,160,-2,2,0.0125
6/28/2016 2:20,158,162,-4,4,0.024691358
6/28/2016 2:25,160,164,-4,4,0.024390244
6/28/2016 2:30,162,164,-2,2,0.012195122
6/28/2016 2:35,162,162,0,0,0
6/28/2016 2:40,160,160,0,0,0
6/28/2016 2:45,158,160,-2,2,0.0125
6/28/2016 2:50,158,159,-1,1,0.006289308
6/28/2016 2:55,157,160,-3,3,0.01875
6/28/2016 3:00,158,158,0,0,0
6/28/2016 3:05,156,153,3,3,0.019607843
6/28/2016 3:10,151,151,0,0,0
6/28/2016 3:15,149,150,-1,1,0.006666667
6/28/2016 3:20,148,149,-1,1,0.006711409
6/28/2016 3:25,147,149,-2,2,0.013422819
6/28/2016 3:30,147,149,-2,2,0.013422819
6/28/2016 3:35,147,147,0,0,0
6/28/2016 3:40,145,144,1,1,0.006944444
6/28/2016 3:45,142,144,-2,2,0.013888889
6/28/2016 3:50,142,154,-12,12,0.077922078
6/28/2016 3:55,152,154,-2,2,0.012987013
6/28/2016 4:00,151,154,-3,3,0.019480519
6/28/2016 4:05,151,154,-3,3,0.019480519
6/28/2016 4:10,151,153,-2,2,0.013071895
6/28/2016 4:15,150,153,-3,3,0.019607843
6/28/2016 4:20,150,154,-4,4,0.025974026
6/28/2016 4:25,151,158,-7,7,0.044303797
6/28/2016 4:30,155,157,-2,2,0.012738854
6/28/2016 4:35,154,156,-2,2,0.012820513
6/28/2016 4:40,153,152,1,1,0.006578947
6/28/2016 4:45,149,148,1,1,0.006756757
6/28/2016 4:50,145,146,-1,1,0.006849315
6/28/2016 4:55,143,139,4,4,0.028776978
6/28/2016 5:00,136,133,3,3,0.022556391
6/28/2016 5:05,130,131,-1,1,0.007633588
6/28/2016 5:10,128,129,-1,1,0.007751938
6/28/2016 5:15,126,128,-2,2,0.015625
6/28/2016 5:20,125,128,-3,3,0.0234375
6/28/2016 5:25,125,128,-3,3,0.0234375
6/28/2016 5:30,125,126,-1,1,0.007936508
6/28/2016 5:35,123,121,2,2,0.016528926
6/28/2016 5:40,118,120,-2,2,0.016666667
6/28/2016 5:45,117,119,-2,2,0.016806723
6/28/2016 5:50,116,118,-2,2,0.016949153
6/28/2016 5:55,115,119,-4,4,0.033613445
6/28/2016 6:00,115,118,-3,3,0.025423729
6/28/2016 6:05,114,119,-5,5,0.042016807
6/28/2016 6:10,115,118,-3,3,0.025423729
6/28/2016 6:15,114,118,-4,4,0.033898305
6/28/2016 6:20,114,118,-4,4,0.033898305
6/28/2016 6:25,114,115,-1,1,0.008695652
6/28/2016 6:30,111,114,-3,3,0.026315789
6/28/2016 6:35,110,111,-1,1,0.009009009
6/28/2016 6:40,107,106,1,1,0.009433962
6/28/2016 6:45,102,103,-1,1,0.009708738
6/28/2016 6:50,99,114,-15,15,0.131578947
6/28/2016 6:55,110,119,-9,9,0.075630252
6/28/2016 7:00,115,118,-3,3,0.025423729
6/28/2016 7:05,114,113,1,1,0.008849558
6/28/2016 7:10,109,113,-4,4,0.03539823
6/28/2016 7:15,109,114,-5,5,0.043859649
6/28/2016 7:20,110,112,-2,2,0.017857143
6/28/2016 17:40,231,220,11,11,0.05
6/28/2016 17:45,219,217,2,2,0.00921659
6/28/2016 17:55,215,220,-5,5,0.022727273
6/28/2016 18:00,219,214,5,5,0.023364486
6/28/2016 18:05,213,210,3,3,0.014285714
6/28/2016 18:10,209,206,3,3,0.014563107
6/28/2016 18:15,205,198,7,7,0.035353535
6/28/2016 18:25,196,194,2,2,0.010309278
6/28/2016 18:30,193,195,-2,2,0.01025641
6/28/2016 18:35,194,199,-5,5,0.025125628
6/28/2016 18:40,198,200,-2,2,0.01
6/28/2016 18:45,199,200,-1,1,0.005
6/28/2016 18:50,199,198,1,1,0.005050505
6/28/2016 18:55,197,197,0,0,0
6/28/2016 19:00,196,197,-1,1,0.005076142
6/28/2016 19:10,195,194,1,1,0.005154639
6/28/2016 19:15,193,199,-6,6,0.030150754
6/28/2016 19:20,198,207,-9,9,0.043478261
6/28/2016 23:45,96,96,0,0,0
6/28/2016 23:50,93,93,0,0,0
6/28/2016 23:55,90,90,0,0,0
6/29/2016 0:00,88,87,1,1,0.011494253
6/29/2016 0:05,85,85,0,0,0
6/29/2016 0:10,83,82,1,1,0.012195122
6/29/2016 0:15,80,79,1,1,0.012658228
6/29/2016 0:20,77,78,-1,1,0.012820513
6/29/2016 0:25,76,78,-2,2,0.025641026
6/29/2016 0:30,76,77,-1,1,0.012987013
6/29/2016 0:35,75,76,-1,1,0.013157895
6/29/2016 0:40,74,74,0,0,0
6/29/2016 0:45,72,76,-4,4,0.052631579
6/29/2016 0:50,74,71,3,3,0.042253521
6/29/2016 0:55,69,61,8,8,0.131147541
6/29/2016 1:00,59,58,1,1,0.017241379
6/29/2016 1:05,56,59,-3,3,0.050847458
6/29/2016 1:10,57,66,-9,9,0.136363636
6/29/2016 1:15,64,68,-4,4,0.058823529
6/29/2016 1:20,66,74,-8,8,0.108108108
6/29/2016 1:25,72,86,-14,14,0.162790698
6/29/2016 1:30,84,97,-13,13,0.134020619
6/29/2016 1:35,95,106,-11,11,0.103773585
6/29/2016 1:40,104,114,-10,10,0.087719298
6/29/2016 1:45,112,122,-10,10,0.081967213
6/29/2016 1:50,120,138,-18,18,0.130434783
6/29/2016 1:55,136,143,-7,7,0.048951049
6/29/2016 2:00,141,143,-2,2,0.013986014
6/29/2016 2:05,141,133,8,8,0.060150376
6/29/2016 2:10,131,131,0,0,0
6/29/2016 2:15,129,133,-4,4,0.030075188
6/29/2016 2:20,131,137,-6,6,0.04379562
6/29/2016 2:25,135,143,-8,8,0.055944056
6/29/2016 2:30,141,148,-7,7,0.047297297
6/29/2016 2:35,146,148,-2,2,0.013513514
6/29/2016 2:40,146,146,0,0,0
6/29/2016 2:45,144,144,0,0,0
6/29/2016 2:50,142,142,0,0,0
6/29/2016 2:55,140,139,1,1,0.007194245
6/29/2016 3:00,137,136,1,1,0.007352941
6/29/2016 3:05,134,133,1,1,0.007518797
6/29/2016 3:10,131,130,1,1,0.007692308
6/29/2016 3:15,128,126,2,2,0.015873016
6/29/2016 3:20,124,123,1,1,0.008130081
6/29/2016 3:25,121,121,0,0,0
6/29/2016 3:30,119,119,0,0,0
6/29/2016 3:35,117,116,1,1,0.00862069
6/29/2016 3:40,114,113,1,1,0.008849558
6/29/2016 3:45,111,110,1,1,0.009090909
6/29/2016 3:50,108,108,0,0,0
6/29/2016 3:55,106,106,0,0,0
6/29/2016 4:00,103,104,-1,1,0.009615385
6/29/2016 4:05,101,101,0,0,0
6/29/2016 4:10,98,98,0,0,0
6/29/2016 4:15,95,96,-1,1,0.010416667
6/29/2016 4:20,93,95,-2,2,0.021052632
6/29/2016 4:25,92,93,-1,1,0.010752688
6/29/2016 4:30,90,91,-1,1,0.010989011
6/29/2016 4:35,88,89,-1,1,0.011235955
6/29/2016 4:40,86,90,-4,4,0.044444444
6/29/2016 4:45,87,88,-1,1,0.011363636
6/29/2016 4:50,85,85,0,0,0
6/29/2016 4:55,82,81,1,1,0.012345679
6/29/2016 5:00,78,79,-1,1,0.012658228
6/29/2016 5:05,76,77,-1,1,0.012987013
6/29/2016 5:10,74,78,-4,4,0.051282051
6/29/2016 5:15,75,72,3,3,0.041666667
6/29/2016 5:20,69,63,6,6,0.095238095
6/29/2016 5:25,60,59,1,1,0.016949153
6/29/2016 5:30,56,56,0,0,0
6/29/2016 5:35,53,53,0,0,0
6/29/2016 5:40,50,51,-1,1,0.019607843
6/29/2016 5:45,48,53,-5,5,0.094339623
6/29/2016 5:50,50,52,-2,2,0.038461538
6/29/2016 5:55,49,51,-2,2,0.039215686
6/29/2016 6:00,47,49,-2,2,0.040816327
6/29/2016 6:05,45,48,-3,3,0.0625
6/29/2016 6:10,44,47,-3,3,0.063829787
6/29/2016 6:15,43,46,-3,3,0.065217391
6/29/2016 6:20,42,51,-9,9,0.176470588
6/29/2016 6:25,47,52,-5,5,0.096153846
6/29/2016 6:30,48,52,-4,4,0.076923077
6/29/2016 6:35,48,54,-6,6,0.111111111
6/29/2016 6:40,50,58,-8,8,0.137931034
6/29/2016 6:45,54,74,-20,20,0.27027027
6/29/2016 6:50,70,72,-2,2,0.027777778
6/29/2016 6:55,68,76,-8,8,0.105263158
6/29/2016 7:00,72,82,-10,10,0.12195122
6/29/2016 7:05,78,93,-15,15,0.161290323
6/29/2016 7:10,89,100,-11,11,0.11
6/29/2016 7:15,96,105,-9,9,0.085714286
6/29/2016 7:20,101,113,-12,12,0.10619469
6/29/2016 7:25,109,122,-13,13,0.106557377
6/29/2016 7:30,118,131,-13,13,0.099236641
6/29/2016 7:35,127,144,-17,17,0.118055556
6/29/2016 12:10,293,293,0,0,0
6/29/2016 12:15,291,297,-6,6,0.02020202
6/29/2016 12:20,295,299,-4,4,0.013377926
6/29/2016 12:25,297,297,0,0,0
6/29/2016 12:30,295,294,1,1,0.003401361
6/29/2016 16:55,67,63,4,4,0.063492063
6/29/2016 17:00,62,64,-2,2,0.03125
6/29/2016 17:10,62,67,-5,5,0.074626866
6/29/2016 17:15,66,72,-6,6,0.083333333
6/29/2016 17:20,71,77,-6,6,0.077922078
6/29/2016 17:25,76,90,-14,14,0.155555556
6/29/2016 17:30,89,104,-15,15,0.144230769
6/29/2016 17:35,103,119,-16,16,0.134453782
6/29/2016 17:40,118,126,-8,8,0.063492063
6/29/2016 17:45,125,131,-6,6,0.045801527
6/29/2016 17:50,130,144,-14,14,0.097222222
6/29/2016 17:55,143,146,-3,3,0.020547945
6/29/2016 18:00,145,151,-6,6,0.039735099
6/29/2016 18:05,150,143,7,7,0.048951049
6/29/2016 18:15,141,156,-15,15,0.096153846
6/29/2016 18:20,155,146,9,9,0.061643836
6/29/2016 18:25,145,148,-3,3,0.02027027
6/29/2016 18:30,147,154,-7,7,0.045454545
6/29/2016 18:35,153,158,-5,5,0.03164557
6/29/2016 18:40,157,159,-2,2,0.012578616
6/29/2016 18:45,158,155,3,3,0.019354839
6/29/2016 18:50,154,153,1,1,0.006535948
6/29/2016 18:55,152,150,2,2,0.013333333
6/29/2016 23:35,167,213,-46,46,0.215962441
6/29/2016 23:40,210,216,-6,6,0.027777778
6/29/2016 23:45,213,220,-7,7,0.031818182
6/30/2016 4:10,74,77,-3,3,0.038961039
6/30/2016 4:15,74,74,0,0,0
6/30/2016 4:20,71,74,-3,3,0.040540541
6/30/2016 4:25,71,80,-9,9,0.1125
6/30/2016 4:30,77,69,8,8,0.115942029
6/30/2016 4:35,66,69,-3,3,0.043478261
6/30/2016 4:40,66,80,-14,14,0.175
6/30/2016 4:45,77,73,4,4,0.054794521
6/30/2016 4:50,70,73,-3,3,0.04109589
6/30/2016 4:55,70,89,-19,19,0.213483146
6/30/2016 5:00,86,106,-20,20,0.188679245
6/30/2016 5:05,103,118,-15,15,0.127118644
6/30/2016 5:10,115,124,-9,9,0.072580645
6/30/2016 5:15,121,130,-9,9,0.069230769
6/30/2016 5:20,127,134,-7,7,0.052238806
6/30/2016 5:25,131,138,-7,7,0.050724638
6/30/2016 5:30,135,141,-6,6,0.042553191
6/30/2016 5:35,138,140,-2,2,0.014285714
6/30/2016 5:40,137,138,-1,1,0.007246377
6/30/2016 5:45,135,138,-3,3,0.02173913
6/30/2016 5:50,135,134,1,1,0.007462687
6/30/2016 5:55,131,130,1,1,0.007692308
6/30/2016 6:00,126,126,0,0,0
6/30/2016 6:05,122,123,-1,1,0.008130081
6/30/2016 6:10,119,120,-1,1,0.008333333
6/30/2016 6:15,116,117,-1,1,0.008547009
6/30/2016 6:20,113,115,-2,2,0.017391304
6/30/2016 6:25,111,111,0,0,0
6/30/2016 6:30,107,109,-2,2,0.018348624
6/30/2016 6:35,105,107,-2,2,0.018691589
6/30/2016 6:40,103,106,-3,3,0.028301887
6/30/2016 6:45,102,103,-1,1,0.009708738
6/30/2016 6:50,99,104,-5,5,0.048076923
6/30/2016 6:55,100,105,-5,5,0.047619048
6/30/2016 7:00,101,98,3,3,0.030612245
6/30/2016 7:05,94,94,0,0,0
6/30/2016 7:10,90,92,-2,2,0.02173913
6/30/2016 7:15,88,90,-2,2,0.022222222
6/30/2016 7:20,86,90,-4,4,0.044444444
6/30/2016 7:25,86,93,-7,7,0.075268817
6/30/2016 7:30,89,100,-11,11,0.11
6/30/2016 7:35,96,107,-11,11,0.102803738
6/30/2016 7:40,103,112,-9,9,0.080357143
6/30/2016 18:35,207,207,0,0,0
6/30/2016 18:40,206,210,-4,4,0.019047619
6/30/2016 18:45,209,209,0,0,0
6/30/2016 18:50,208,201,7,7,0.034825871
6/30/2016 18:55,200,194,6,6,0.030927835
7/1/2016 2:15,149,151,-2,2,0.013245033
7/1/2016 2:20,149,153,-4,4,0.026143791
7/1/2016 2:25,151,155,-4,4,0.025806452
7/1/2016 2:30,153,158,-5,5,0.03164557
7/1/2016 2:35,156,162,-6,6,0.037037037
7/1/2016 2:40,160,165,-5,5,0.03030303
7/1/2016 2:45,163,167,-4,4,0.023952096
7/1/2016 2:50,165,168,-3,3,0.017857143
7/1/2016 2:55,166,169,-3,3,0.017751479
7/1/2016 3:00,167,170,-3,3,0.017647059
7/1/2016 3:05,168,170,-2,2,0.011764706
7/1/2016 3:10,168,170,-2,2,0.011764706
7/1/2016 3:15,168,170,-2,2,0.011764706
7/1/2016 3:20,168,173,-5,5,0.028901734
7/1/2016 3:25,171,173,-2,2,0.011560694
7/1/2016 3:30,171,171,0,0,0
7/1/2016 3:35,169,169,0,0,0
7/1/2016 3:40,167,167,0,0,0
7/1/2016 3:45,165,166,-1,1,0.006024096
7/1/2016 3:50,164,164,0,0,0
7/1/2016 3:55,162,163,-1,1,0.006134969
7/1/2016 4:00,160,163,-3,3,0.018404908
7/1/2016 4:05,160,163,-3,3,0.018404908
7/1/2016 4:10,160,164,-4,4,0.024390244
7/1/2016 4:15,161,164,-3,3,0.018292683
7/1/2016 4:20,161,164,-3,3,0.018292683
7/1/2016 4:25,161,165,-4,4,0.024242424
7/1/2016 4:30,162,165,-3,3,0.018181818
7/1/2016 4:35,162,164,-2,2,0.012195122
7/1/2016 4:40,161,164,-3,3,0.018292683
7/1/2016 4:45,161,163,-2,2,0.012269939
7/1/2016 4:50,160,162,-2,2,0.012345679
7/1/2016 4:55,159,161,-2,2,0.01242236
7/1/2016 5:00,158,161,-3,3,0.01863354
7/1/2016 5:05,158,159,-1,1,0.006289308
7/1/2016 5:10,156,156,0,0,0
7/1/2016 5:15,153,154,-1,1,0.006493506
7/1/2016 5:20,151,153,-2,2,0.013071895
7/1/2016 5:25,150,152,-2,2,0.013157895
7/1/2016 5:30,149,150,-1,1,0.006666667
7/1/2016 5:35,147,147,0,0,0
7/1/2016 5:40,144,144,0,0,0
7/1/2016 5:45,141,141,0,0,0
7/1/2016 5:50,138,137,1,1,0.00729927
7/1/2016 5:55,134,134,0,0,0
7/1/2016 6:00,130,133,-3,3,0.022556391
7/1/2016 6:05,129,130,-1,1,0.007692308
7/1/2016 6:10,126,124,2,2,0.016129032
7/1/2016 6:15,120,117,3,3,0.025641026
7/1/2016 6:20,113,112,1,1,0.008928571
7/1/2016 6:25,108,109,-1,1,0.009174312
7/1/2016 6:30,105,107,-2,2,0.018691589
7/1/2016 6:35,103,106,-3,3,0.028301887
7/1/2016 6:40,102,105,-3,3,0.028571429
7/1/2016 6:45,101,103,-2,2,0.019417476
7/1/2016 6:50,99,102,-3,3,0.029411765
7/1/2016 7:05,91,94,-3,3,0.031914894
7/1/2016 11:30,149,157,-8,8,0.050955414
7/1/2016 11:35,155,162,-7,7,0.043209877
7/1/2016 11:40,160,167,-7,7,0.041916168
7/1/2016 11:50,163,180,-17,17,0.094444444
7/1/2016 11:55,178,190,-12,12,0.063157895
7/1/2016 12:00,188,197,-9,9,0.045685279
7/1/2016 16:25,43,39,4,4,0.102564103
7/1/2016 16:30,38,39,-1,1,0.025641026
7/1/2016 16:35,38,39,-1,1,0.025641026
7/1/2016 16:40,38,42,-4,4,0.095238095
7/1/2016 16:45,41,50,-9,9,0.18
7/1/2016 16:50,49,58,-9,9,0.155172414
7/1/2016 16:55,57,64,-7,7,0.109375
7/1/2016 17:00,63,73,-10,10,0.136986301
7/1/2016 17:05,72,83,-11,11,0.13253012
7/1/2016 17:10,82,89,-7,7,0.078651685
7/1/2016 17:15,88,94,-6,6,0.063829787
7/1/2016 17:20,93,99,-6,6,0.060606061
7/1/2016 17:30,97,112,-15,15,0.133928571
7/1/2016 17:35,111,118,-7,7,0.059322034
7/1/2016 17:50,115,113,2,2,0.017699115
7/1/2016 17:55,112,112,0,0,0
7/2/2016 2:30,117,120,-3,3,0.025
7/2/2016 2:35,118,121,-3,3,0.024793388
7/2/2016 2:40,119,122,-3,3,0.024590164
7/2/2016 2:45,120,123,-3,3,0.024390244
7/2/2016 2:50,121,124,-3,3,0.024193548
7/2/2016 2:55,122,125,-3,3,0.024
7/2/2016 3:00,123,125,-2,2,0.016
7/2/2016 3:05,123,125,-2,2,0.016
7/2/2016 3:10,123,125,-2,2,0.016
7/2/2016 3:15,123,125,-2,2,0.016
7/2/2016 3:20,123,125,-2,2,0.016
7/2/2016 3:25,123,124,-1,1,0.008064516
7/2/2016 3:30,122,121,1,1,0.008264463
7/2/2016 3:35,119,120,-1,1,0.008333333
7/2/2016 3:40,118,118,0,0,0
7/2/2016 3:45,116,118,-2,2,0.016949153
7/2/2016 3:50,116,118,-2,2,0.016949153
7/2/2016 3:55,116,117,-1,1,0.008547009
7/2/2016 4:00,114,117,-3,3,0.025641026
7/2/2016 4:05,114,118,-4,4,0.033898305
7/2/2016 4:10,115,118,-3,3,0.025423729
7/2/2016 4:15,115,118,-3,3,0.025423729
7/2/2016 4:20,115,116,-1,1,0.00862069
7/2/2016 4:25,113,115,-2,2,0.017391304
7/2/2016 4:30,112,111,1,1,0.009009009
7/2/2016 4:35,108,108,0,0,0
7/2/2016 4:40,105,103,2,2,0.019417476
7/2/2016 4:45,100,101,-1,1,0.00990099
7/2/2016 4:50,98,97,1,1,0.010309278
7/2/2016 4:55,94,94,0,0,0
7/2/2016 5:00,91,91,0,0,0
7/2/2016 5:05,88,89,-1,1,0.011235955
7/2/2016 5:10,86,87,-1,1,0.011494253
7/2/2016 5:15,84,85,-1,1,0.011764706
7/2/2016 5:20,82,83,-1,1,0.012048193
7/2/2016 5:25,80,81,-1,1,0.012345679
7/2/2016 5:30,78,79,-1,1,0.012658228
7/2/2016 5:35,76,78,-2,2,0.025641026
7/2/2016 5:40,75,77,-2,2,0.025974026
7/2/2016 5:45,74,76,-2,2,0.026315789
7/2/2016 5:50,73,76,-3,3,0.039473684
7/2/2016 5:55,73,75,-2,2,0.026666667
7/2/2016 6:00,71,74,-3,3,0.040540541
7/2/2016 6:05,70,73,-3,3,0.04109589
7/2/2016 6:10,69,72,-3,3,0.041666667
7/2/2016 6:15,68,72,-4,4,0.055555556
7/2/2016 6:20,68,71,-3,3,0.042253521
7/2/2016 6:25,67,68,-1,1,0.014705882
7/2/2016 6:30,64,67,-3,3,0.044776119
7/2/2016 6:35,63,68,-5,5,0.073529412
7/2/2016 6:40,64,65,-1,1,0.015384615
7/2/2016 6:45,61,65,-4,4,0.061538462
7/2/2016 6:50,61,69,-8,8,0.115942029
7/2/2016 6:55,65,74,-9,9,0.121621622
7/2/2016 7:00,70,81,-11,11,0.135802469
7/2/2016 7:05,77,84,-7,7,0.083333333
7/2/2016 7:10,80,93,-13,13,0.139784946
7/2/2016 7:15,89,103,-14,14,0.13592233
7/2/2016 7:20,99,109,-10,10,0.091743119
7/2/2016 7:25,105,112,-7,7,0.0625
7/2/2016 7:30,108,113,-5,5,0.044247788
7/2/2016 7:35,109,104,5,5,0.048076923
7/2/2016 7:40,100,97,3,3,0.030927835
7/2/2016 7:45,93,93,0,0,0
7/2/2016 7:50,89,89,0,0,0
7/2/2016 7:55,85,88,-3,3,0.034090909
7/2/2016 8:00,84,87,-3,3,0.034482759
7/2/2016 8:05,83,86,-3,3,0.034883721
7/2/2016 8:10,82,86,-4,4,0.046511628
7/2/2016 8:15,82,83,-1,1,0.012048193
7/2/2016 8:20,79,80,-1,1,0.0125
7/2/2016 8:25,76,79,-3,3,0.037974684
7/2/2016 8:30,75,78,-3,3,0.038461538
7/2/2016 8:35,74,81,-7,7,0.086419753
7/2/2016 8:40,77,83,-6,6,0.072289157
7/2/2016 8:45,79,81,-2,2,0.024691358
7/2/2016 8:50,77,80,-3,3,0.0375
7/2/2016 8:55,76,79,-3,3,0.037974684
7/2/2016 9:00,77,80,-3,3,0.0375
7/2/2016 9:05,78,79,-1,1,0.012658228
7/2/2016 9:10,77,78,-1,1,0.012820513
7/2/2016 9:20,74,78,-4,4,0.051282051
7/2/2016 9:25,76,77,-1,1,0.012987013
7/2/2016 9:30,75,77,-2,2,0.025974026
7/2/2016 9:35,75,81,-6,6,0.074074074
7/2/2016 16:30,148,161,-13,13,0.080745342
7/2/2016 16:35,160,170,-10,10,0.058823529
7/3/2016 4:35,165,176,-11,11,0.0625
7/3/2016 4:40,173,186,-13,13,0.069892473
7/3/2016 4:45,183,194,-11,11,0.056701031
7/3/2016 4:50,191,202,-11,11,0.054455446
7/3/2016 18:37,5,144,-139,139,0.965277778
7/3/2016 18:37,144,146,-2,2,0.01369863
7/3/2016 23:05,94,97,-3,3,0.030927835
7/3/2016 23:10,94,95,-1,1,0.010526316
7/3/2016 23:15,92,92,0,0,0
7/3/2016 23:20,89,88,1,1,0.011363636
7/3/2016 23:25,85,85,0,0,0
7/3/2016 23:30,82,82,0,0,0
7/3/2016 23:35,79,79,0,0,0
7/3/2016 23:40,76,76,0,0,0
7/3/2016 23:45,73,77,-4,4,0.051948052
7/3/2016 23:50,74,78,-4,4,0.051282051
7/3/2016 23:55,75,78,-3,3,0.038461538
7/4/2016 0:00,76,77,-1,1,0.012987013
7/4/2016 0:05,75,82,-7,7,0.085365854
7/4/2016 0:10,80,88,-8,8,0.090909091
7/4/2016 0:15,86,88,-2,2,0.022727273
7/4/2016 0:20,86,91,-5,5,0.054945055
7/4/2016 0:25,89,94,-5,5,0.053191489
7/4/2016 0:30,92,96,-4,4,0.041666667
7/4/2016 0:35,94,97,-3,3,0.030927835
7/4/2016 0:40,95,99,-4,4,0.04040404
7/4/2016 0:45,97,101,-4,4,0.03960396
7/4/2016 0:50,99,103,-4,4,0.038834951
7/4/2016 0:55,101,106,-5,5,0.047169811
7/4/2016 1:00,104,106,-2,2,0.018867925
7/4/2016 1:05,104,104,0,0,0
7/4/2016 1:10,102,103,-1,1,0.009708738
7/4/2016 1:15,101,103,-2,2,0.019417476
7/4/2016 1:20,101,104,-3,3,0.028846154
7/4/2016 1:25,102,104,-2,2,0.019230769
7/4/2016 1:30,102,102,0,0,0
7/4/2016 1:35,100,102,-2,2,0.019607843
7/4/2016 1:40,100,103,-3,3,0.029126214
7/4/2016 1:45,101,104,-3,3,0.028846154
7/4/2016 1:50,102,104,-2,2,0.019230769
7/4/2016 1:55,102,104,-2,2,0.019230769
7/4/2016 2:00,102,104,-2,2,0.019230769
7/4/2016 2:05,102,103,-1,1,0.009708738
7/4/2016 2:10,101,101,0,0,0
7/4/2016 2:15,99,100,-1,1,0.01
7/4/2016 2:20,98,101,-3,3,0.02970297
7/4/2016 2:25,99,100,-1,1,0.01
7/4/2016 2:30,98,99,-1,1,0.01010101
7/4/2016 2:35,97,99,-2,2,0.02020202
7/4/2016 2:40,97,99,-2,2,0.02020202
7/4/2016 2:45,97,98,-1,1,0.010204082
7/4/2016 2:50,96,97,-1,1,0.010309278
7/4/2016 2:55,95,95,0,0,0
7/4/2016 3:00,93,94,-1,1,0.010638298
7/4/2016 3:05,92,93,-1,1,0.010752688
7/4/2016 3:10,91,92,-1,1,0.010869565
7/4/2016 3:15,90,92,-2,2,0.02173913
7/4/2016 3:20,90,91,-1,1,0.010989011
7/4/2016 3:25,89,89,0,0,0
7/4/2016 3:30,87,88,-1,1,0.011363636
7/4/2016 3:35,86,88,-2,2,0.022727273
7/4/2016 3:40,86,87,-1,1,0.011494253
7/4/2016 3:45,85,86,-1,1,0.011627907
7/4/2016 3:50,84,85,-1,1,0.011764706
7/4/2016 3:55,83,84,-1,1,0.011904762
7/4/2016 4:00,81,84,-3,3,0.035714286
7/4/2016 4:05,81,81,0,0,0
7/4/2016 4:10,78,80,-2,2,0.025
7/4/2016 4:15,77,81,-4,4,0.049382716
7/4/2016 4:20,78,81,-3,3,0.037037037
7/4/2016 4:25,78,81,-3,3,0.037037037
7/4/2016 4:30,78,79,-1,1,0.012658228
7/4/2016 4:35,76,75,1,1,0.013333333
7/4/2016 4:40,72,73,-1,1,0.01369863
7/4/2016 4:45,70,72,-2,2,0.027777778
7/4/2016 4:50,69,71,-2,2,0.028169014
7/4/2016 4:55,68,70,-2,2,0.028571429
7/4/2016 5:00,67,69,-2,2,0.028985507
7/4/2016 5:05,66,67,-1,1,0.014925373
7/4/2016 5:10,64,66,-2,2,0.03030303
7/4/2016 5:15,63,65,-2,2,0.030769231
7/4/2016 5:20,62,66,-4,4,0.060606061
7/4/2016 5:25,63,64,-1,1,0.015625
7/4/2016 5:30,61,63,-2,2,0.031746032
7/4/2016 5:35,60,69,-9,9,0.130434783
7/4/2016 5:40,66,82,-16,16,0.195121951
7/4/2016 5:45,79,98,-19,19,0.193877551
7/4/2016 5:50,95,111,-16,16,0.144144144
7/4/2016 5:55,108,123,-15,15,0.12195122
7/4/2016 6:00,119,132,-13,13,0.098484848
7/4/2016 6:05,128,138,-10,10,0.072463768
7/4/2016 6:10,134,141,-7,7,0.04964539
7/4/2016 6:15,137,141,-4,4,0.028368794
7/4/2016 6:20,137,138,-1,1,0.007246377
7/4/2016 6:25,134,134,0,0,0
7/4/2016 6:30,130,130,0,0,0
7/4/2016 6:35,126,127,-1,1,0.007874016
7/4/2016 6:40,123,125,-2,2,0.016
7/4/2016 6:45,121,122,-1,1,0.008196721
7/4/2016 6:50,118,120,-2,2,0.016666667
7/4/2016 6:55,116,118,-2,2,0.016949153
7/4/2016 7:00,114,108,6,6,0.055555556
7/4/2016 7:05,104,99,5,5,0.050505051
7/4/2016 7:10,95,93,2,2,0.021505376
7/4/2016 7:15,89,93,-4,4,0.043010753
7/4/2016 7:20,89,91,-2,2,0.021978022
7/4/2016 7:25,87,89,-2,2,0.02247191
7/4/2016 7:30,85,87,-2,2,0.022988506
7/4/2016 7:35,83,85,-2,2,0.023529412
7/4/2016 7:40,81,91,-10,10,0.10989011
7/4/2016 7:45,87,93,-6,6,0.064516129
7/4/2016 7:50,89,92,-3,3,0.032608696
7/4/2016 7:55,88,90,-2,2,0.022222222
7/4/2016 8:00,86,87,-1,1,0.011494253
7/4/2016 8:05,83,85,-2,2,0.023529412
7/4/2016 8:10,81,84,-3,3,0.035714286
7/4/2016 8:15,80,82,-2,2,0.024390244
7/4/2016 8:20,78,78,0,0,0
7/4/2016 8:25,74,78,-4,4,0.051282051
7/4/2016 8:30,74,67,7,7,0.104477612
7/4/2016 8:35,63,64,-1,1,0.015625
7/4/2016 8:40,60,72,-12,12,0.166666667
7/4/2016 8:45,68,72,-4,4,0.055555556
7/4/2016 8:50,68,77,-9,9,0.116883117
7/4/2016 8:55,73,89,-16,16,0.179775281
7/4/2016 9:00,87,102,-15,15,0.147058824
7/4/2016 9:05,100,115,-15,15,0.130434783
7/4/2016 9:15,111,137,-26,26,0.189781022
7/4/2016 9:20,135,140,-5,5,0.035714286
7/4/2016 13:40,132,141,-9,9,0.063829787
7/4/2016 13:50,137,160,-23,23,0.14375
7/4/2016 13:55,158,167,-9,9,0.053892216
7/4/2016 14:00,166,174,-8,8,0.045977011
7/4/2016 14:05,173,182,-9,9,0.049450549
7/4/2016 14:10,181,188,-7,7,0.037234043
7/4/2016 14:15,187,190,-3,3,0.015789474
7/4/2016 14:20,189,199,-10,10,0.050251256
7/4/2016 14:25,198,204,-6,6,0.029411765
7/4/2016 14:30,203,205,-2,2,0.009756098
7/5/2016 3:00,102,101,1,1,0.00990099
7/5/2016 3:05,99,99,0,0,0
7/5/2016 3:10,97,96,1,1,0.010416667
7/5/2016 3:15,94,94,0,0,0
7/5/2016 3:20,92,89,3,3,0.033707865
7/5/2016 3:25,87,90,-3,3,0.033333333
7/5/2016 3:30,88,88,0,0,0
7/5/2016 3:35,86,86,0,0,0
7/5/2016 3:40,84,84,0,0,0
7/5/2016 3:45,82,81,1,1,0.012345679
7/5/2016 3:50,79,78,1,1,0.012820513
7/5/2016 3:55,76,76,0,0,0
7/5/2016 4:00,73,74,-1,1,0.013513514
7/5/2016 4:05,71,72,-1,1,0.013888889
7/5/2016 4:10,69,69,0,0,0
7/5/2016 4:15,66,68,-2,2,0.029411765
7/5/2016 4:20,65,66,-1,1,0.015151515
7/5/2016 4:25,63,66,-3,3,0.045454545
7/5/2016 4:30,63,64,-1,1,0.015625
7/5/2016 4:35,61,66,-5,5,0.075757576
7/5/2016 4:40,63,63,0,0,0
7/5/2016 4:45,60,64,-4,4,0.0625
7/5/2016 4:50,61,69,-8,8,0.115942029
7/5/2016 4:55,66,76,-10,10,0.131578947
7/5/2016 5:00,73,84,-11,11,0.130952381
7/5/2016 5:05,81,93,-12,12,0.129032258
7/5/2016 5:10,90,99,-9,9,0.090909091
7/5/2016 5:15,96,101,-5,5,0.04950495
7/5/2016 5:20,98,101,-3,3,0.02970297
7/5/2016 5:25,98,101,-3,3,0.02970297
7/5/2016 5:30,98,101,-3,3,0.02970297
7/5/2016 5:35,98,103,-5,5,0.048543689
7/5/2016 5:40,100,105,-5,5,0.047619048
7/5/2016 5:45,102,107,-5,5,0.046728972
7/5/2016 5:50,104,116,-12,12,0.103448276
7/5/2016 5:55,113,113,0,0,0
7/5/2016 6:00,109,107,2,2,0.018691589
7/5/2016 6:05,103,104,-1,1,0.009615385
7/5/2016 6:10,100,101,-1,1,0.00990099
7/5/2016 6:15,97,98,-1,1,0.010204082
7/5/2016 6:20,94,96,-2,2,0.020833333
7/5/2016 6:25,92,94,-2,2,0.021276596
7/5/2016 6:30,90,92,-2,2,0.02173913
7/5/2016 6:35,88,89,-1,1,0.011235955
7/5/2016 6:40,85,87,-2,2,0.022988506
7/5/2016 6:45,83,86,-3,3,0.034883721
7/5/2016 6:55,79,82,-3,3,0.036585366
7/5/2016 7:05,75,75,0,0,0
7/5/2016 7:07,73,106,-33,33,0.311320755
7/5/2016 7:10,104,96,8,8,0.083333333
7/5/2016 7:15,92,76,16,16,0.210526316
7/5/2016 7:20,72,80,-8,8,0.1
7/5/2016 7:25,76,86,-10,10,0.11627907
7/5/2016 7:30,82,96,-14,14,0.145833333
7/5/2016 18:00,140,130,10,10,0.076923077
7/5/2016 18:05,129,122,7,7,0.057377049
7/5/2016 18:15,120,107,13,13,0.121495327
7/5/2016 18:20,106,106,0,0,0
7/5/2016 18:25,105,101,4,4,0.03960396
7/5/2016 18:30,100,99,1,1,0.01010101
7/5/2016 18:40,97,96,1,1,0.010416667
7/5/2016 18:45,95,95,0,0,0
7/5/2016 18:50,94,101,-7,7,0.069306931
7/5/2016 18:55,100,111,-11,11,0.099099099
7/5/2016 19:00,110,124,-14,14,0.112903226
7/5/2016 19:05,123,133,-10,10,0.07518797
7/5/2016 19:10,132,133,-1,1,0.007518797
7/5/2016 19:15,132,136,-4,4,0.029411765
7/5/2016 19:20,135,146,-11,11,0.075342466
7/5/2016 19:25,145,145,0,0,0
7/5/2016 19:30,144,148,-4,4,0.027027027
7/5/2016 19:35,147,152,-5,5,0.032894737
7/5/2016 23:55,101,111,-10,10,0.09009009
7/6/2016 0:00,109,120,-11,11,0.091666667
7/6/2016 0:05,118,127,-9,9,0.070866142
7/6/2016 0:10,125,133,-8,8,0.060150376
7/6/2016 0:15,131,134,-3,3,0.02238806
7/6/2016 0:20,132,137,-5,5,0.03649635
7/6/2016 0:25,135,136,-1,1,0.007352941
7/6/2016 0:30,134,135,-1,1,0.007407407
7/6/2016 0:35,133,134,-1,1,0.007462687
7/6/2016 0:40,132,135,-3,3,0.022222222
7/6/2016 0:45,133,136,-3,3,0.022058824
7/6/2016 0:50,134,139,-5,5,0.035971223
7/6/2016 0:55,137,141,-4,4,0.028368794
7/6/2016 1:00,139,143,-4,4,0.027972028
7/6/2016 1:05,141,145,-4,4,0.027586207
7/6/2016 1:10,143,146,-3,3,0.020547945
7/6/2016 1:15,144,147,-3,3,0.020408163
7/6/2016 1:20,145,146,-1,1,0.006849315
7/6/2016 1:25,144,146,-2,2,0.01369863
7/6/2016 1:30,144,147,-3,3,0.020408163
7/6/2016 1:35,145,148,-3,3,0.02027027
7/6/2016 1:40,146,148,-2,2,0.013513514
7/6/2016 1:45,146,150,-4,4,0.026666667
7/6/2016 1:50,148,153,-5,5,0.032679739
7/6/2016 1:55,151,156,-5,5,0.032051282
7/6/2016 2:00,154,160,-6,6,0.0375
7/6/2016 2:05,158,163,-5,5,0.030674847
7/6/2016 2:10,161,165,-4,4,0.024242424
7/6/2016 2:15,163,166,-3,3,0.018072289
7/6/2016 2:20,164,167,-3,3,0.017964072
7/6/2016 2:25,165,168,-3,3,0.017857143
7/6/2016 2:30,166,167,-1,1,0.005988024
7/6/2016 2:35,165,167,-2,2,0.011976048
7/6/2016 2:40,165,166,-1,1,0.006024096
7/6/2016 2:45,164,165,-1,1,0.006060606
7/6/2016 2:50,163,163,0,0,0
7/6/2016 2:55,161,162,-1,1,0.00617284
7/6/2016 3:00,160,160,0,0,0
7/6/2016 3:05,158,158,0,0,0
7/6/2016 3:10,156,156,0,0,0
7/6/2016 3:15,154,155,-1,1,0.006451613
7/6/2016 3:20,153,153,0,0,0
7/6/2016 3:25,151,151,0,0,0
7/6/2016 3:30,149,148,1,1,0.006756757
7/6/2016 3:35,146,148,-2,2,0.013513514
7/6/2016 3:40,146,148,-2,2,0.013513514
7/6/2016 3:45,146,147,-1,1,0.006802721
7/6/2016 3:50,145,146,-1,1,0.006849315
7/6/2016 3:55,144,144,0,0,0
7/6/2016 4:00,141,143,-2,2,0.013986014
7/6/2016 4:05,140,141,-1,1,0.007092199
7/6/2016 4:10,138,140,-2,2,0.014285714
7/6/2016 4:15,137,139,-2,2,0.014388489
7/6/2016 4:20,136,137,-1,1,0.00729927
7/6/2016 4:25,134,136,-2,2,0.014705882
7/6/2016 4:30,133,135,-2,2,0.014814815
7/6/2016 4:35,132,131,1,1,0.007633588
7/6/2016 4:40,128,128,0,0,0
7/6/2016 4:45,125,127,-2,2,0.015748031
7/6/2016 4:50,124,126,-2,2,0.015873016
7/6/2016 4:55,123,128,-5,5,0.0390625
7/6/2016 5:00,125,127,-2,2,0.015748031
7/6/2016 5:05,124,126,-2,2,0.015873016
7/6/2016 5:10,123,124,-1,1,0.008064516
7/6/2016 5:15,121,121,0,0,0
7/6/2016 5:20,118,116,2,2,0.017241379
7/6/2016 5:25,113,112,1,1,0.008928571
7/6/2016 5:30,109,109,0,0,0
7/6/2016 5:35,106,107,-1,1,0.009345794
7/6/2016 5:40,104,105,-1,1,0.00952381
7/6/2016 5:45,102,101,1,1,0.00990099
7/6/2016 5:50,98,97,1,1,0.010309278
7/6/2016 5:55,94,94,0,0,0
7/6/2016 6:00,90,92,-2,2,0.02173913
7/6/2016 6:05,88,90,-2,2,0.022222222
7/6/2016 6:10,86,84,2,2,0.023809524
7/6/2016 6:15,80,78,2,2,0.025641026
7/6/2016 6:20,74,80,-6,6,0.075
7/6/2016 6:25,76,81,-5,5,0.061728395
7/6/2016 6:30,77,79,-2,2,0.025316456
7/6/2016 6:35,75,76,-1,1,0.013157895
7/6/2016 6:40,72,73,-1,1,0.01369863
7/6/2016 6:45,69,73,-4,4,0.054794521
7/6/2016 6:50,69,64,5,5,0.078125
7/6/2016 6:55,60,62,-2,2,0.032258065
7/6/2016 7:00,58,67,-9,9,0.134328358
7/6/2016 7:03,64,85,-21,21,0.247058824
7/6/2016 7:05,84,73,11,11,0.150684932
7/6/2016 7:10,69,71,-2,2,0.028169014
7/6/2016 7:15,67,75,-8,8,0.106666667
7/6/2016 7:20,71,77,-6,6,0.077922078
7/6/2016 7:25,73,79,-6,6,0.075949367
7/6/2016 7:30,75,81,-6,6,0.074074074
7/6/2016 11:55,127,131,-4,4,0.030534351
7/6/2016 12:00,129,132,-3,3,0.022727273
7/6/2016 13:25,168,168,0,0,0
7/6/2016 13:30,166,166,0,0,0
7/6/2016 13:35,164,164,0,0,0
7/6/2016 13:40,162,162,0,0,0
7/6/2016 13:45,160,160,0,0,0
7/6/2016 13:50,158,159,-1,1,0.006289308
7/6/2016 13:55,157,158,-1,1,0.006329114
7/6/2016 14:00,157,157,0,0,0
7/6/2016 14:05,156,155,1,1,0.006451613
7/6/2016 14:10,154,151,3,3,0.01986755
7/6/2016 14:15,150,146,4,4,0.02739726
7/6/2016 14:20,145,140,5,5,0.035714286
7/6/2016 14:25,139,134,5,5,0.037313433
7/6/2016 14:30,133,130,3,3,0.023076923
7/6/2016 14:35,129,123,6,6,0.048780488
7/6/2016 14:40,122,118,4,4,0.033898305
7/6/2016 14:45,117,113,4,4,0.03539823
7/6/2016 14:50,112,108,4,4,0.037037037
7/6/2016 14:55,107,104,3,3,0.028846154
7/6/2016 15:00,103,101,2,2,0.01980198
7/6/2016 15:05,100,94,6,6,0.063829787
7/6/2016 15:10,93,93,0,0,0
7/6/2016 15:15,92,89,3,3,0.033707865
7/6/2016 15:20,88,86,2,2,0.023255814
7/6/2016 15:25,85,83,2,2,0.024096386
7/6/2016 15:30,82,79,3,3,0.037974684
7/6/2016 15:35,78,76,2,2,0.026315789
7/6/2016 15:40,75,73,2,2,0.02739726
7/6/2016 15:45,72,70,2,2,0.028571429
7/6/2016 15:50,69,69,0,0,0
7/6/2016 15:55,68,68,0,0,0
7/6/2016 16:00,67,71,-4,4,0.056338028
7/6/2016 16:05,70,78,-8,8,0.102564103
7/6/2016 16:10,77,89,-12,12,0.134831461
7/6/2016 16:15,88,104,-16,16,0.153846154
7/6/2016 16:20,103,120,-17,17,0.141666667
7/6/2016 16:25,119,140,-21,21,0.15
7/6/2016 16:30,139,157,-18,18,0.114649682
7/6/2016 16:35,156,168,-12,12,0.071428571
7/6/2016 16:40,167,177,-10,10,0.056497175
7/6/2016 16:45,176,178,-2,2,0.011235955
7/6/2016 16:50,177,183,-6,6,0.032786885
7/6/2016 16:55,182,195,-13,13,0.066666667
7/6/2016 17:00,194,205,-11,11,0.053658537
7/6/2016 17:15,202,203,-1,1,0.004926108
7/6/2016 17:20,202,207,-5,5,0.024154589
7/6/2016 17:45,201,207,-6,6,0.028985507
7/6/2016 17:50,206,205,1,1,0.004878049
7/6/2016 17:55,204,206,-2,2,0.009708738
7/6/2016 18:00,205,206,-1,1,0.004854369
7/6/2016 18:05,205,195,10,10,0.051282051
7/6/2016 18:10,194,186,8,8,0.043010753
7/6/2016 18:15,185,181,4,4,0.022099448
7/6/2016 18:20,180,179,1,1,0.005586592
7/6/2016 18:25,178,182,-4,4,0.021978022
7/6/2016 18:30,181,179,2,2,0.011173184
7/6/2016 18:35,178,180,-2,2,0.011111111
7/6/2016 18:40,179,187,-8,8,0.042780749
7/6/2016 18:45,186,183,3,3,0.016393443
7/6/2016 18:50,182,184,-2,2,0.010869565
7/6/2016 18:55,183,188,-5,5,0.026595745
7/6/2016 19:00,187,191,-4,4,0.020942408
7/6/2016 19:05,190,196,-6,6,0.030612245
7/6/2016 19:10,195,200,-5,5,0.025
7/6/2016 23:30,131,137,-6,6,0.04379562
7/6/2016 23:35,134,146,-12,12,0.082191781
7/6/2016 23:40,143,152,-9,9,0.059210526
7/6/2016 23:45,149,152,-3,3,0.019736842
7/6/2016 23:50,149,154,-5,5,0.032467532
7/6/2016 23:55,151,157,-6,6,0.038216561
7/7/2016 0:00,155,160,-5,5,0.03125
7/7/2016 0:05,158,161,-3,3,0.01863354
7/7/2016 0:10,159,161,-2,2,0.01242236
7/7/2016 0:15,159,160,-1,1,0.00625
7/7/2016 0:20,158,159,-1,1,0.006289308
7/7/2016 0:25,157,158,-1,1,0.006329114
7/7/2016 0:30,156,156,0,0,0
7/7/2016 0:35,154,156,-2,2,0.012820513
7/7/2016 0:40,154,154,0,0,0
7/7/2016 0:45,152,151,1,1,0.006622517
7/7/2016 0:50,149,147,2,2,0.013605442
7/7/2016 0:55,145,143,2,2,0.013986014
7/7/2016 1:00,141,140,1,1,0.007142857
7/7/2016 1:05,138,138,0,0,0
7/7/2016 1:10,136,136,0,0,0
7/7/2016 1:15,134,134,0,0,0
7/7/2016 1:20,132,134,-2,2,0.014925373
7/7/2016 1:25,132,130,2,2,0.015384615
7/7/2016 1:30,128,127,1,1,0.007874016
7/7/2016 1:35,125,129,-4,4,0.031007752
7/7/2016 1:40,127,130,-3,3,0.023076923
7/7/2016 1:45,128,131,-3,3,0.022900763
7/7/2016 1:50,129,132,-3,3,0.022727273
7/7/2016 1:55,130,134,-4,4,0.029850746
7/7/2016 2:00,132,136,-4,4,0.029411765
7/7/2016 2:05,134,139,-5,5,0.035971223
7/7/2016 2:10,137,140,-3,3,0.021428571
7/7/2016 2:15,138,141,-3,3,0.021276596
7/7/2016 2:20,139,141,-2,2,0.014184397
7/7/2016 2:25,139,142,-3,3,0.021126761
7/7/2016 2:30,140,142,-2,2,0.014084507
7/7/2016 2:35,140,141,-1,1,0.007092199
7/7/2016 2:40,139,138,1,1,0.007246377
7/7/2016 2:45,136,133,3,3,0.022556391
7/7/2016 2:50,131,130,1,1,0.007692308
7/7/2016 2:55,128,128,0,0,0
7/7/2016 3:00,126,126,0,0,0
7/7/2016 3:05,124,123,1,1,0.008130081
7/7/2016 3:10,121,121,0,0,0
7/7/2016 3:15,119,117,2,2,0.017094017
7/7/2016 3:20,115,113,2,2,0.017699115
7/7/2016 3:25,111,110,1,1,0.009090909
7/7/2016 3:30,108,108,0,0,0
7/7/2016 3:35,106,105,1,1,0.00952381
7/7/2016 3:40,103,103,0,0,0
7/7/2016 3:45,101,101,0,0,0
7/7/2016 3:50,99,100,-1,1,0.01
7/7/2016 3:55,98,98,0,0,0
7/7/2016 4:00,95,99,-4,4,0.04040404
7/7/2016 4:05,96,100,-4,4,0.04
7/7/2016 4:10,97,101,-4,4,0.03960396
7/7/2016 4:15,98,101,-3,3,0.02970297
7/7/2016 4:20,98,100,-2,2,0.02
7/7/2016 4:25,97,96,1,1,0.010416667
7/7/2016 4:30,93,94,-1,1,0.010638298
7/7/2016 4:35,91,93,-2,2,0.021505376
7/7/2016 4:40,90,92,-2,2,0.02173913
7/7/2016 4:45,89,91,-2,2,0.021978022
7/7/2016 4:50,88,90,-2,2,0.022222222
7/7/2016 4:55,87,93,-6,6,0.064516129
7/7/2016 5:00,90,94,-4,4,0.042553191
7/7/2016 5:05,91,93,-2,2,0.021505376
7/7/2016 5:10,90,93,-3,3,0.032258065
7/7/2016 5:15,90,95,-5,5,0.052631579
7/7/2016 5:20,92,100,-8,8,0.08
7/7/2016 5:25,97,100,-3,3,0.03
7/7/2016 5:30,97,100,-3,3,0.03
7/7/2016 5:35,97,100,-3,3,0.03
7/7/2016 5:40,97,98,-1,1,0.010204082
7/7/2016 5:45,95,97,-2,2,0.020618557
7/7/2016 5:50,94,95,-1,1,0.010526316
7/7/2016 5:55,92,93,-1,1,0.010752688
7/7/2016 6:00,89,90,-1,1,0.011111111
7/7/2016 6:05,86,89,-3,3,0.033707865
7/7/2016 6:10,85,87,-2,2,0.022988506
7/7/2016 6:15,83,85,-2,2,0.023529412
7/7/2016 6:20,81,83,-2,2,0.024096386
7/7/2016 6:25,79,82,-3,3,0.036585366
7/7/2016 6:30,78,80,-2,2,0.025
7/7/2016 6:35,76,79,-3,3,0.037974684
7/7/2016 6:40,75,78,-3,3,0.038461538
7/7/2016 6:45,74,76,-2,2,0.026315789
7/7/2016 6:50,72,69,3,3,0.043478261
7/7/2016 6:55,65,70,-5,5,0.071428571
7/7/2016 7:00,66,68,-2,2,0.029411765
7/7/2016 7:03,65,78,-13,13,0.166666667
7/7/2016 7:10,73,74,-1,1,0.013513514
7/7/2016 7:20,67,72,-5,5,0.069444444
7/7/2016 7:25,68,71,-3,3,0.042253521
7/7/2016 11:55,145,150,-5,5,0.033333333
7/7/2016 12:00,148,149,-1,1,0.006711409
7/7/2016 12:05,147,150,-3,3,0.02
7/7/2016 12:10,148,152,-4,4,0.026315789
7/7/2016 12:15,150,151,-1,1,0.006622517
7/7/2016 12:20,149,151,-2,2,0.013245033
7/7/2016 12:25,149,153,-4,4,0.026143791
7/7/2016 12:30,151,156,-5,5,0.032051282
7/7/2016 12:35,154,158,-4,4,0.025316456
7/7/2016 12:40,156,160,-4,4,0.025
7/7/2016 12:45,158,164,-6,6,0.036585366
7/7/2016 12:50,162,169,-7,7,0.041420118
7/7/2016 12:55,167,173,-6,6,0.034682081
7/7/2016 13:00,171,175,-4,4,0.022857143
7/7/2016 13:05,173,175,-2,2,0.011428571
7/7/2016 13:10,173,175,-2,2,0.011428571
7/7/2016 13:15,173,176,-3,3,0.017045455
7/7/2016 13:20,174,178,-4,4,0.02247191
7/7/2016 18:50,141,141,0,0,0
7/7/2016 18:55,140,139,1,1,0.007194245
7/7/2016 19:05,137,134,3,3,0.02238806
7/7/2016 19:10,133,134,-1,1,0.007462687
7/7/2016 19:15,133,133,0,0,0
7/7/2016 19:20,132,138,-6,6,0.043478261
7/7/2016 19:25,137,138,-1,1,0.007246377
7/7/2016 19:30,137,135,2,2,0.014814815
7/7/2016 23:50,133,141,-8,8,0.056737589
7/7/2016 23:55,138,149,-11,11,0.073825503
7/8/2016 0:00,147,158,-11,11,0.069620253
7/8/2016 0:05,156,165,-9,9,0.054545455
7/8/2016 0:10,163,167,-4,4,0.023952096
7/8/2016 0:15,165,170,-5,5,0.029411765
7/8/2016 0:20,168,173,-5,5,0.028901734
7/8/2016 0:25,171,175,-4,4,0.022857143
7/8/2016 0:30,173,173,0,0,0
7/8/2016 0:35,171,169,2,2,0.01183432
7/8/2016 5:00,101,103,-2,2,0.019417476
7/8/2016 5:05,100,101,-1,1,0.00990099
7/8/2016 5:10,98,100,-2,2,0.02
7/8/2016 5:15,97,98,-1,1,0.010204082
7/8/2016 5:20,95,97,-2,2,0.020618557
7/8/2016 5:25,94,95,-1,1,0.010526316
7/8/2016 5:30,92,92,0,0,0
7/8/2016 5:35,89,90,-1,1,0.011111111
7/8/2016 5:40,87,86,1,1,0.011627907
7/8/2016 5:45,83,83,0,0,0
7/8/2016 5:50,80,81,-1,1,0.012345679
7/8/2016 5:55,78,79,-1,1,0.012658228
7/8/2016 6:00,75,76,-1,1,0.013157895
7/8/2016 6:05,72,73,-1,1,0.01369863
7/8/2016 6:10,69,71,-2,2,0.028169014
7/8/2016 6:15,67,68,-1,1,0.014705882
7/8/2016 6:20,64,67,-3,3,0.044776119
7/8/2016 6:25,63,65,-2,2,0.030769231
7/8/2016 6:30,61,64,-3,3,0.046875
7/8/2016 6:35,60,65,-5,5,0.076923077
7/8/2016 6:40,61,65,-4,4,0.061538462
7/8/2016 6:45,61,64,-3,3,0.046875
7/8/2016 6:50,60,64,-4,4,0.0625
7/8/2016 6:55,60,69,-9,9,0.130434783
7/8/2016 7:00,65,76,-11,11,0.144736842
7/8/2016 7:05,72,88,-16,16,0.181818182
7/8/2016 7:10,84,102,-18,18,0.176470588
7/8/2016 7:14,98,121,-23,23,0.190082645
7/8/2016 7:20,117,131,-14,14,0.106870229
7/8/2016 7:24,127,135,-8,8,0.059259259
7/8/2016 7:29,131,134,-3,3,0.02238806
7/8/2016 7:35,130,134,-4,4,0.029850746
7/8/2016 7:39,130,131,-1,1,0.007633588
7/8/2016 11:59,137,142,-5,5,0.035211268
7/8/2016 12:04,140,145,-5,5,0.034482759
7/8/2016 12:09,143,159,-16,16,0.100628931
7/8/2016 12:14,157,174,-17,17,0.097701149
7/8/2016 12:19,172,183,-11,11,0.06010929
7/8/2016 12:24,181,190,-9,9,0.047368421
7/8/2016 12:29,188,198,-10,10,0.050505051
7/8/2016 12:34,196,206,-10,10,0.048543689
7/8/2016 16:59,82,79,3,3,0.037974684
7/8/2016 17:09,77,76,1,1,0.013157895
7/8/2016 17:24,73,67,6,6,0.089552239
7/8/2016 17:29,66,64,2,2,0.03125
7/8/2016 17:34,63,60,3,3,0.05
7/8/2016 17:39,59,58,1,1,0.017241379
7/8/2016 17:44,57,57,0,0,0
7/8/2016 17:54,55,63,-8,8,0.126984127
7/8/2016 17:59,62,67,-5,5,0.074626866
7/8/2016 18:04,66,71,-5,5,0.070422535
7/8/2016 18:09,70,80,-10,10,0.125
7/8/2016 18:14,79,86,-7,7,0.081395349
7/8/2016 18:19,85,96,-11,11,0.114583333
7/8/2016 18:24,95,106,-11,11,0.103773585
7/8/2016 18:29,105,114,-9,9,0.078947368
7/8/2016 18:34,113,119,-6,6,0.050420168
7/8/2016 18:39,118,127,-9,9,0.070866142
7/8/2016 18:44,126,129,-3,3,0.023255814
7/8/2016 18:49,128,132,-4,4,0.03030303
7/8/2016 18:54,131,135,-4,4,0.02962963
7/8/2016 18:59,134,137,-3,3,0.02189781
7/8/2016 19:04,136,140,-4,4,0.028571429
7/8/2016 19:09,139,142,-3,3,0.021126761
7/8/2016 19:14,141,142,-1,1,0.007042254
7/8/2016 19:19,141,143,-2,2,0.013986014
7/8/2016 19:24,142,146,-4,4,0.02739726
7/8/2016 19:29,145,149,-4,4,0.026845638
7/8/2016 19:34,148,153,-5,5,0.032679739
7/8/2016 19:39,152,159,-7,7,0.044025157
7/8/2016 19:44,158,161,-3,3,0.01863354
7/8/2016 19:49,160,170,-10,10,0.058823529
7/8/2016 19:54,169,181,-12,12,0.066298343
7/9/2016 0:19,167,168,-1,1,0.005952381
7/9/2016 0:24,166,167,-1,1,0.005988024
7/9/2016 0:29,165,167,-2,2,0.011976048
7/9/2016 0:34,165,166,-1,1,0.006024096
7/9/2016 0:39,164,166,-2,2,0.012048193
7/9/2016 0:44,164,164,0,0,0
7/9/2016 0:49,162,162,0,0,0
7/9/2016 0:54,160,160,0,0,0
7/9/2016 0:59,158,159,-1,1,0.006289308
7/9/2016 1:04,157,158,-1,1,0.006329114
7/9/2016 1:09,156,161,-5,5,0.031055901
7/9/2016 1:14,159,161,-2,2,0.01242236
7/9/2016 1:19,159,161,-2,2,0.01242236
7/9/2016 1:24,159,161,-2,2,0.01242236
7/9/2016 1:29,159,160,-1,1,0.00625
7/9/2016 1:34,158,160,-2,2,0.0125
7/9/2016 1:39,158,159,-1,1,0.006289308
7/9/2016 1:44,157,159,-2,2,0.012578616
7/9/2016 1:49,157,158,-1,1,0.006329114
7/9/2016 1:54,156,157,-1,1,0.006369427
7/9/2016 1:59,155,156,-1,1,0.006410256
7/9/2016 2:04,154,155,-1,1,0.006451613
7/9/2016 2:09,153,155,-2,2,0.012903226
7/9/2016 2:14,153,154,-1,1,0.006493506
7/9/2016 2:19,152,154,-2,2,0.012987013
7/9/2016 2:24,152,153,-1,1,0.006535948
7/9/2016 2:29,151,153,-2,2,0.013071895
7/9/2016 2:34,151,151,0,0,0
7/9/2016 2:39,149,151,-2,2,0.013245033
7/9/2016 2:44,149,152,-3,3,0.019736842
7/9/2016 2:49,150,152,-2,2,0.013157895
7/9/2016 2:54,150,152,-2,2,0.013157895
7/9/2016 2:59,150,151,-1,1,0.006622517
7/9/2016 3:04,149,150,-1,1,0.006666667
7/9/2016 3:09,148,149,-1,1,0.006711409
7/9/2016 3:14,147,147,0,0,0
7/9/2016 3:19,145,146,-1,1,0.006849315
7/9/2016 3:24,144,144,0,0,0
7/9/2016 3:29,142,142,0,0,0
7/9/2016 3:34,140,140,0,0,0
7/9/2016 3:39,138,138,0,0,0
7/9/2016 3:44,136,136,0,0,0
7/9/2016 3:49,134,134,0,0,0
7/9/2016 3:54,132,132,0,0,0
7/9/2016 3:59,130,131,-1,1,0.007633588
7/9/2016 4:04,128,129,-1,1,0.007751938
7/9/2016 4:09,126,126,0,0,0
7/9/2016 4:14,123,124,-1,1,0.008064516
7/9/2016 4:19,121,122,-1,1,0.008196721
7/9/2016 4:24,119,120,-1,1,0.008333333
7/9/2016 4:29,117,117,0,0,0
7/9/2016 4:34,114,115,-1,1,0.008695652
7/9/2016 4:39,112,113,-1,1,0.008849558
7/9/2016 4:44,110,111,-1,1,0.009009009
7/9/2016 4:49,108,109,-1,1,0.009174312
7/9/2016 4:54,106,107,-1,1,0.009345794
7/9/2016 4:59,104,105,-1,1,0.00952381
7/9/2016 5:04,102,103,-1,1,0.009708738
7/9/2016 5:09,100,102,-2,2,0.019607843
7/9/2016 5:14,99,101,-2,2,0.01980198
7/9/2016 5:19,98,99,-1,1,0.01010101
7/9/2016 5:24,96,98,-2,2,0.020408163
7/9/2016 5:29,95,97,-2,2,0.020618557
7/9/2016 5:34,94,95,-1,1,0.010526316
7/9/2016 5:39,92,94,-2,2,0.021276596
7/9/2016 5:44,91,92,-1,1,0.010869565
7/9/2016 5:49,89,86,3,3,0.034883721
7/9/2016 5:54,83,86,-3,3,0.034883721
7/9/2016 5:59,83,84,-1,1,0.011904762
7/9/2016 6:04,80,81,-1,1,0.012345679
7/9/2016 6:09,77,75,2,2,0.026666667
7/9/2016 6:14,71,74,-3,3,0.040540541
7/9/2016 6:19,70,78,-8,8,0.102564103
7/9/2016 6:24,74,87,-13,13,0.149425287
7/9/2016 6:29,83,97,-14,14,0.144329897
7/9/2016 6:34,93,104,-11,11,0.105769231
7/9/2016 6:39,100,107,-7,7,0.065420561
7/9/2016 6:44,103,108,-5,5,0.046296296
7/9/2016 6:49,104,109,-5,5,0.04587156
7/9/2016 6:54,105,109,-4,4,0.036697248
7/9/2016 6:59,105,106,-1,1,0.009433962
7/9/2016 7:04,102,104,-2,2,0.019230769
7/9/2016 7:09,100,101,-1,1,0.00990099
7/9/2016 7:14,97,93,4,4,0.043010753
7/9/2016 7:19,89,89,0,0,0
7/9/2016 7:24,85,93,-8,8,0.086021505
7/9/2016 7:29,89,100,-11,11,0.11
7/9/2016 7:34,96,100,-4,4,0.04
7/9/2016 7:39,96,99,-3,3,0.03030303
7/9/2016 7:44,95,99,-4,4,0.04040404
7/9/2016 7:49,95,99,-4,4,0.04040404
7/9/2016 7:54,95,101,-6,6,0.059405941
7/9/2016 7:59,97,104,-7,7,0.067307692
7/9/2016 8:04,100,104,-4,4,0.038461538
7/9/2016 8:09,100,102,-2,2,0.019607843
7/9/2016 8:14,98,99,-1,1,0.01010101
7/9/2016 8:19,95,96,-1,1,0.010416667
7/9/2016 8:24,92,93,-1,1,0.010752688
7/9/2016 8:29,89,91,-2,2,0.021978022
7/9/2016 8:34,87,90,-3,3,0.033333333
7/9/2016 8:39,86,87,-1,1,0.011494253
7/9/2016 8:44,83,83,0,0,0
7/9/2016 8:49,79,81,-2,2,0.024691358
7/9/2016 8:54,77,82,-5,5,0.06097561
7/9/2016 8:59,78,81,-3,3,0.037037037
7/9/2016 9:04,79,81,-2,2,0.024691358
7/9/2016 9:09,79,80,-1,1,0.0125
7/9/2016 9:14,78,79,-1,1,0.012658228
7/9/2016 9:24,75,79,-4,4,0.050632911
7/9/2016 17:24,70,71,-1,1,0.014084507
7/9/2016 17:29,70,72,-2,2,0.027777778
7/9/2016 17:44,69,75,-6,6,0.08
7/9/2016 17:49,74,78,-4,4,0.051282051
7/9/2016 17:54,77,80,-3,3,0.0375
7/9/2016 17:59,79,82,-3,3,0.036585366
7/9/2016 18:04,81,85,-4,4,0.047058824
7/9/2016 18:14,83,92,-9,9,0.097826087
7/9/2016 18:19,91,95,-4,4,0.042105263
7/9/2016 18:24,94,99,-5,5,0.050505051
7/9/2016 18:29,98,102,-4,4,0.039215686
7/9/2016 18:34,101,107,-6,6,0.056074766
7/9/2016 18:39,106,111,-5,5,0.045045045
7/9/2016 18:44,110,114,-4,4,0.035087719
7/9/2016 18:49,113,118,-5,5,0.042372881
7/12/2016 0:04,108,106,2,2,0.018867925
7/12/2016 0:09,104,101,3,3,0.02970297
7/12/2016 0:14,99,95,4,4,0.042105263
7/12/2016 0:19,93,90,3,3,0.033333333
7/12/2016 0:24,88,86,2,2,0.023255814
7/12/2016 0:29,84,81,3,3,0.037037037
7/12/2016 0:34,79,87,-8,8,0.091954023
7/12/2016 0:39,85,93,-8,8,0.086021505
7/12/2016 0:44,91,92,-1,1,0.010869565
7/12/2016 0:49,90,91,-1,1,0.010989011
7/12/2016 0:54,89,93,-4,4,0.043010753
7/12/2016 0:59,91,100,-9,9,0.09
7/12/2016 1:04,98,105,-7,7,0.066666667
7/12/2016 1:09,103,104,-1,1,0.009615385
7/12/2016 1:14,102,103,-1,1,0.009708738
7/12/2016 1:19,101,102,-1,1,0.009803922
7/12/2016 1:24,100,99,1,1,0.01010101
7/12/2016 1:29,97,93,4,4,0.043010753
7/12/2016 1:34,91,88,3,3,0.034090909
7/12/2016 1:39,86,84,2,2,0.023809524
7/12/2016 1:44,82,81,1,1,0.012345679
7/12/2016 1:49,79,77,2,2,0.025974026
7/12/2016 1:54,75,74,1,1,0.013513514
7/12/2016 1:59,72,71,1,1,0.014084507
7/12/2016 2:04,69,70,-1,1,0.014285714
7/12/2016 2:09,68,69,-1,1,0.014492754
7/12/2016 2:14,67,68,-1,1,0.014705882
7/12/2016 2:19,66,68,-2,2,0.029411765
7/12/2016 2:24,66,68,-2,2,0.029411765
7/12/2016 2:29,66,44,22,22,0.5
7/12/2016 2:34,42,39,3,3,0.076923077
7/12/2016 2:39,37,39,-2,2,0.051282051
7/12/2016 2:44,37,40,-3,3,0.075
7/12/2016 2:49,38,46,-8,8,0.173913043
7/12/2016 2:54,44,43,1,1,0.023255814
7/12/2016 2:59,41,42,-1,1,0.023809524
7/12/2016 3:04,40,45,-5,5,0.111111111
7/12/2016 3:09,43,53,-10,10,0.188679245
7/12/2016 3:14,51,71,-20,20,0.281690141
7/12/2016 3:19,69,62,7,7,0.112903226
7/12/2016 3:24,60,84,-24,24,0.285714286
7/12/2016 3:29,82,135,-53,53,0.392592593
7/12/2016 3:34,133,129,4,4,0.031007752
7/12/2016 3:39,127,140,-13,13,0.092857143
7/12/2016 3:44,138,145,-7,7,0.048275862
7/12/2016 3:49,143,151,-8,8,0.052980132
7/12/2016 3:54,149,165,-16,16,0.096969697
7/12/2016 3:59,163,165,-2,2,0.012121212
7/12/2016 4:04,162,160,2,2,0.0125
7/12/2016 4:09,157,162,-5,5,0.030864198
7/12/2016 4:14,159,163,-4,4,0.024539877
7/12/2016 4:19,160,164,-4,4,0.024390244
7/12/2016 4:24,161,165,-4,4,0.024242424
7/12/2016 4:29,162,164,-2,2,0.012195122
7/12/2016 4:34,161,163,-2,2,0.012269939
7/12/2016 4:39,160,158,2,2,0.012658228
7/12/2016 4:44,155,156,-1,1,0.006410256
7/12/2016 4:49,153,157,-4,4,0.025477707
7/12/2016 4:54,154,161,-7,7,0.043478261
7/12/2016 4:59,158,162,-4,4,0.024691358
7/12/2016 5:04,159,164,-5,5,0.030487805
7/12/2016 5:09,161,163,-2,2,0.012269939
7/12/2016 5:14,160,156,4,4,0.025641026
7/12/2016 5:19,153,155,-2,2,0.012903226
7/12/2016 5:24,152,157,-5,5,0.031847134
7/12/2016 5:29,154,155,-1,1,0.006451613
7/12/2016 5:34,152,139,13,13,0.09352518
7/12/2016 5:39,136,140,-4,4,0.028571429
7/12/2016 5:44,137,142,-5,5,0.035211268
7/12/2016 5:49,139,153,-14,14,0.091503268
7/12/2016 5:54,150,161,-11,11,0.068322981
7/12/2016 5:59,158,162,-4,4,0.024691358
7/12/2016 6:04,158,160,-2,2,0.0125
7/12/2016 6:09,156,158,-2,2,0.012658228
7/12/2016 6:14,154,156,-2,2,0.012820513
7/12/2016 6:19,152,154,-2,2,0.012987013
7/12/2016 6:24,150,152,-2,2,0.013157895
7/12/2016 6:29,148,150,-2,2,0.013333333
7/12/2016 6:34,146,149,-3,3,0.020134228
7/12/2016 6:39,145,143,2,2,0.013986014
7/12/2016 6:44,139,141,-2,2,0.014184397
7/12/2016 6:49,137,141,-4,4,0.028368794
7/12/2016 11:14,162,164,-2,2,0.012195122
7/12/2016 11:19,162,164,-2,2,0.012195122
7/12/2016 11:24,162,162,0,0,0
7/12/2016 11:29,160,163,-3,3,0.018404908
7/12/2016 11:34,161,159,2,2,0.012578616
7/12/2016 11:39,157,155,2,2,0.012903226
7/12/2016 11:44,153,156,-3,3,0.019230769
7/12/2016 11:49,154,157,-3,3,0.01910828
7/12/2016 11:52,156,166,-10,10,0.060240964
7/12/2016 11:54,165,172,-7,7,0.040697674
7/12/2016 11:59,170,173,-3,3,0.01734104
7/12/2016 12:04,171,168,3,3,0.017857143
7/12/2016 12:09,166,176,-10,10,0.056818182
7/12/2016 12:14,174,181,-7,7,0.038674033
7/12/2016 12:19,179,180,-1,1,0.005555556
7/12/2016 12:24,178,179,-1,1,0.005586592
7/12/2016 12:29,177,170,7,7,0.041176471
7/13/2016 0:14,114,115,-1,1,0.008695652
7/13/2016 0:19,113,114,-1,1,0.00877193
7/13/2016 0:24,112,112,0,0,0
7/13/2016 0:29,110,109,1,1,0.009174312
7/13/2016 0:34,107,105,2,2,0.019047619
7/13/2016 0:39,103,104,-1,1,0.009615385
7/13/2016 0:44,102,101,1,1,0.00990099
7/13/2016 0:49,99,99,0,0,0
7/13/2016 0:54,97,96,1,1,0.010416667
7/13/2016 0:59,94,92,2,2,0.02173913
7/13/2016 1:04,90,89,1,1,0.011235955
7/13/2016 1:09,87,86,1,1,0.011627907
7/13/2016 1:14,84,83,1,1,0.012048193
7/13/2016 1:19,81,80,1,1,0.0125
7/13/2016 1:24,78,78,0,0,0
7/13/2016 1:29,76,74,2,2,0.027027027
7/13/2016 1:34,72,70,2,2,0.028571429
7/13/2016 1:39,68,72,-4,4,0.055555556
7/13/2016 1:44,70,71,-1,1,0.014084507
7/13/2016 1:49,69,69,0,0,0
7/13/2016 1:54,67,67,0,0,0
7/13/2016 1:59,65,65,0,0,0
7/13/2016 2:04,63,65,-2,2,0.030769231
7/13/2016 2:09,63,64,-1,1,0.015625
7/13/2016 2:14,62,64,-2,2,0.03125
7/13/2016 2:19,62,63,-1,1,0.015873016
7/13/2016 2:24,61,63,-2,2,0.031746032
7/13/2016 2:29,61,57,4,4,0.070175439
7/13/2016 2:34,55,46,9,9,0.195652174
7/13/2016 2:39,44,40,4,4,0.1
7/13/2016 2:44,38,52,-14,14,0.269230769
7/13/2016 2:49,50,52,-2,2,0.038461538
7/13/2016 2:54,50,53,-3,3,0.056603774
7/13/2016 2:59,51,68,-17,17,0.25
7/13/2016 3:04,66,88,-22,22,0.25
7/13/2016 3:09,86,106,-20,20,0.188679245
7/13/2016 3:14,104,127,-23,23,0.181102362
7/13/2016 3:19,125,140,-15,15,0.107142857
7/13/2016 3:24,138,154,-16,16,0.103896104
7/13/2016 3:29,152,166,-14,14,0.084337349
7/13/2016 3:34,164,171,-7,7,0.040935673
7/13/2016 3:39,169,167,2,2,0.011976048
7/13/2016 3:44,165,165,0,0,0
7/13/2016 3:49,163,154,9,9,0.058441558
7/13/2016 3:54,152,148,4,4,0.027027027
7/13/2016 3:59,146,143,3,3,0.020979021
7/13/2016 4:04,140,140,0,0,0
7/13/2016 4:09,137,138,-1,1,0.007246377
7/13/2016 4:14,135,138,-3,3,0.02173913
7/13/2016 4:19,135,145,-10,10,0.068965517
7/13/2016 4:24,142,151,-9,9,0.059602649
7/13/2016 4:29,148,146,2,2,0.01369863
7/13/2016 4:34,143,145,-2,2,0.013793103
7/13/2016 4:39,142,146,-4,4,0.02739726
7/13/2016 4:44,143,141,2,2,0.014184397
7/13/2016 4:49,138,139,-1,1,0.007194245
7/13/2016 4:54,136,137,-1,1,0.00729927
7/13/2016 4:59,134,136,-2,2,0.014705882
7/13/2016 5:04,133,130,3,3,0.023076923
7/13/2016 5:09,127,126,1,1,0.007936508
7/13/2016 5:14,123,124,-1,1,0.008064516
7/13/2016 5:19,121,121,0,0,0
7/13/2016 5:24,118,120,-2,2,0.016666667
7/13/2016 5:29,117,119,-2,2,0.016806723
7/13/2016 5:34,116,120,-4,4,0.033333333
7/13/2016 5:39,117,118,-1,1,0.008474576
7/13/2016 5:44,115,116,-1,1,0.00862069
7/13/2016 5:49,113,114,-1,1,0.00877193
7/13/2016 5:54,111,113,-2,2,0.017699115
7/13/2016 5:59,110,113,-3,3,0.026548673
7/13/2016 6:04,109,108,1,1,0.009259259
7/13/2016 6:09,104,105,-1,1,0.00952381
7/13/2016 6:14,101,105,-4,4,0.038095238
7/13/2016 6:19,101,103,-2,2,0.019417476
7/13/2016 6:24,99,102,-3,3,0.029411765
7/13/2016 6:29,98,102,-4,4,0.039215686
7/13/2016 6:34,98,102,-4,4,0.039215686
7/13/2016 6:39,98,100,-2,2,0.02
7/13/2016 6:44,96,100,-4,4,0.04
7/13/2016 6:49,96,101,-5,5,0.04950495
7/13/2016 6:54,97,104,-7,7,0.067307692
7/13/2016 6:59,100,108,-8,8,0.074074074
7/13/2016 7:04,104,111,-7,7,0.063063063
7/13/2016 7:09,107,115,-8,8,0.069565217
7/13/2016 11:29,199,210,-11,11,0.052380952
7/13/2016 11:34,208,213,-5,5,0.023474178
7/13/2016 11:39,211,214,-3,3,0.014018692
7/13/2016 11:44,212,221,-9,9,0.040723982
7/13/2016 11:49,219,226,-7,7,0.030973451
7/13/2016 11:54,224,233,-9,9,0.038626609
7/13/2016 11:59,231,234,-3,3,0.012820513
7/13/2016 12:04,232,237,-5,5,0.021097046
7/13/2016 12:09,235,237,-2,2,0.008438819
7/13/2016 12:14,235,230,5,5,0.02173913
7/13/2016 12:19,228,223,5,5,0.022421525
7/13/2016 12:24,221,224,-3,3,0.013392857
7/13/2016 12:29,222,219,3,3,0.01369863
7/13/2016 12:34,217,210,7,7,0.033333333
7/13/2016 17:04,187,185,2,2,0.010810811
7/13/2016 17:09,184,181,3,3,0.016574586
7/13/2016 17:14,180,182,-2,2,0.010989011
7/13/2016 17:19,181,175,6,6,0.034285714
7/13/2016 17:29,173,171,2,2,0.011695906
7/13/2016 17:39,169,163,6,6,0.036809816
7/13/2016 17:44,162,158,4,4,0.025316456
7/13/2016 17:49,157,154,3,3,0.019480519
7/13/2016 17:54,153,150,3,3,0.02
7/13/2016 17:59,149,141,8,8,0.056737589
7/13/2016 18:04,140,137,3,3,0.02189781
7/13/2016 18:09,136,131,5,5,0.038167939
7/13/2016 18:14,130,129,1,1,0.007751938
7/13/2016 18:19,128,126,2,2,0.015873016
7/13/2016 18:24,125,124,1,1,0.008064516
7/13/2016 18:29,123,124,-1,1,0.008064516
7/13/2016 18:34,123,125,-2,2,0.016
7/13/2016 18:39,124,132,-8,8,0.060606061
7/13/2016 18:44,131,138,-7,7,0.050724638
7/13/2016 18:49,137,141,-4,4,0.028368794
7/13/2016 18:54,140,146,-6,6,0.04109589
7/13/2016 18:59,145,153,-8,8,0.052287582
7/13/2016 19:04,152,153,-1,1,0.006535948
7/13/2016 19:09,152,152,0,0,0
7/13/2016 19:14,151,154,-3,3,0.019480519
7/13/2016 19:19,153,157,-4,4,0.025477707
7/13/2016 19:24,156,159,-3,3,0.018867925
7/13/2016 19:29,158,162,-4,4,0.024691358
7/13/2016 19:34,161,165,-4,4,0.024242424
7/13/2016 19:39,164,167,-3,3,0.017964072
7/13/2016 19:44,166,170,-4,4,0.023529412
7/13/2016 19:49,169,173,-4,4,0.023121387
7/13/2016 19:54,172,175,-3,3,0.017142857
7/13/2016 19:59,174,178,-4,4,0.02247191
7/13/2016 20:04,175,182,-7,7,0.038461538
7/13/2016 20:09,179,189,-10,10,0.052910053
7/13/2016 20:14,186,201,-15,15,0.074626866
7/13/2016 20:19,198,207,-9,9,0.043478261
7/13/2016 20:24,204,205,-1,1,0.004878049
7/13/2016 20:29,202,205,-3,3,0.014634146
7/14/2016 0:59,116,138,-22,22,0.15942029
7/14/2016 1:04,136,155,-19,19,0.122580645
7/14/2016 1:09,153,174,-21,21,0.120689655
7/14/2016 1:14,172,193,-21,21,0.10880829
7/14/2016 1:19,191,187,4,4,0.021390374
7/14/2016 1:24,185,185,0,0,0
7/14/2016 1:29,183,176,7,7,0.039772727
7/14/2016 1:34,174,174,0,0,0
7/14/2016 1:39,172,175,-3,3,0.017142857
7/14/2016 1:44,173,175,-2,2,0.011428571
7/14/2016 1:49,173,174,-1,1,0.005747126
7/14/2016 1:54,172,175,-3,3,0.017142857
7/14/2016 1:59,173,181,-8,8,0.044198895
7/14/2016 2:04,179,181,-2,2,0.011049724
7/14/2016 2:09,179,188,-9,9,0.04787234
7/14/2016 2:14,186,195,-9,9,0.046153846
7/14/2016 2:19,193,193,0,0,0
7/14/2016 2:24,191,189,2,2,0.010582011
7/14/2016 2:29,187,186,1,1,0.005376344
7/14/2016 2:34,184,182,2,2,0.010989011
7/14/2016 2:39,180,179,1,1,0.005586592
7/14/2016 2:44,177,175,2,2,0.011428571
7/14/2016 2:49,173,173,0,0,0
7/14/2016 2:54,171,171,0,0,0
7/14/2016 2:59,169,164,5,5,0.030487805
7/14/2016 3:04,162,161,1,1,0.00621118
7/14/2016 3:09,159,156,3,3,0.019230769
7/14/2016 3:14,154,152,2,2,0.013157895
7/14/2016 3:19,150,149,1,1,0.006711409
7/14/2016 3:24,147,144,3,3,0.020833333
7/14/2016 3:29,142,140,2,2,0.014285714
7/14/2016 3:34,138,138,0,0,0
7/14/2016 3:39,136,140,-4,4,0.028571429
7/14/2016 3:44,138,143,-5,5,0.034965035
7/14/2016 3:49,141,145,-4,4,0.027586207
7/14/2016 3:54,143,145,-2,2,0.013793103
7/14/2016 3:59,143,146,-3,3,0.020547945
7/14/2016 4:04,143,150,-7,7,0.046666667
7/14/2016 4:09,147,146,1,1,0.006849315
7/14/2016 4:14,143,146,-3,3,0.020547945
7/14/2016 4:19,143,146,-3,3,0.020547945
7/14/2016 4:24,143,145,-2,2,0.013793103
7/14/2016 4:29,142,145,-3,3,0.020689655
7/14/2016 4:34,142,146,-4,4,0.02739726
7/14/2016 4:39,143,145,-2,2,0.013793103
7/14/2016 4:44,142,143,-1,1,0.006993007
7/14/2016 4:49,140,144,-4,4,0.027777778
7/14/2016 4:54,141,144,-3,3,0.020833333
7/14/2016 4:59,141,143,-2,2,0.013986014
7/14/2016 5:04,140,142,-2,2,0.014084507
7/14/2016 5:09,139,145,-6,6,0.04137931
7/14/2016 5:14,142,145,-3,3,0.020689655
7/14/2016 5:19,142,142,0,0,0
7/14/2016 5:24,139,141,-2,2,0.014184397
7/14/2016 5:29,138,138,0,0,0
7/14/2016 5:34,135,138,-3,3,0.02173913
7/14/2016 5:39,135,136,-1,1,0.007352941
7/14/2016 5:44,133,129,4,4,0.031007752
7/14/2016 5:49,126,120,6,6,0.05
7/14/2016 5:54,117,118,-1,1,0.008474576
7/14/2016 5:59,115,116,-1,1,0.00862069
7/14/2016 6:04,112,111,1,1,0.009009009
7/14/2016 6:09,107,108,-1,1,0.009259259
7/14/2016 6:14,104,106,-2,2,0.018867925
7/14/2016 6:19,102,105,-3,3,0.028571429
7/14/2016 6:24,101,105,-4,4,0.038095238
7/14/2016 6:29,101,111,-10,10,0.09009009
7/14/2016 6:34,107,106,1,1,0.009433962
7/14/2016 6:39,102,104,-2,2,0.019230769
7/14/2016 6:44,100,106,-6,6,0.056603774
7/14/2016 6:49,102,104,-2,2,0.019230769
7/14/2016 6:54,100,103,-3,3,0.029126214
7/14/2016 6:59,99,103,-4,4,0.038834951
7/14/2016 7:04,99,106,-7,7,0.066037736
7/14/2016 7:09,102,120,-18,18,0.15
7/14/2016 12:44,142,144,-2,2,0.013888889
7/14/2016 12:49,142,146,-4,4,0.02739726
7/14/2016 12:54,144,154,-10,10,0.064935065
7/14/2016 17:19,67,57,10,10,0.175438596
7/14/2016 17:29,55,39,16,16,0.41025641
7/14/2016 17:34,38,39,-1,1,0.025641026
7/14/2016 17:39,38,39,-1,1,0.025641026
7/14/2016 18:04,33,73,-40,40,0.547945205
7/14/2016 18:09,72,69,3,3,0.043478261
7/14/2016 18:14,68,63,5,5,0.079365079
7/14/2016 18:19,62,66,-4,4,0.060606061
7/14/2016 18:24,65,67,-2,2,0.029850746
7/14/2016 18:29,66,63,3,3,0.047619048
7/14/2016 18:34,62,65,-3,3,0.046153846
7/14/2016 18:39,64,68,-4,4,0.058823529
7/14/2016 18:44,67,70,-3,3,0.042857143
7/14/2016 18:49,69,74,-5,5,0.067567568
7/14/2016 18:54,73,75,-2,2,0.026666667
7/14/2016 18:59,74,75,-1,1,0.013333333
7/14/2016 19:04,74,80,-6,6,0.075
7/14/2016 19:09,79,81,-2,2,0.024691358
7/14/2016 19:14,80,80,0,0,0
7/14/2016 19:19,79,81,-2,2,0.024691358
7/14/2016 19:24,80,82,-2,2,0.024390244
7/14/2016 23:44,162,174,-12,12,0.068965517
7/14/2016 23:49,171,179,-8,8,0.044692737
7/15/2016 4:09,95,106,-11,11,0.103773585
7/15/2016 4:14,103,111,-8,8,0.072072072
7/15/2016 4:19,108,114,-6,6,0.052631579
7/15/2016 4:24,111,117,-6,6,0.051282051
7/15/2016 4:29,114,120,-6,6,0.05
7/15/2016 4:34,117,121,-4,4,0.033057851
7/15/2016 4:39,118,121,-3,3,0.024793388
7/15/2016 4:44,118,122,-4,4,0.032786885
7/15/2016 4:49,119,124,-5,5,0.040322581
7/15/2016 4:54,121,124,-3,3,0.024193548
7/15/2016 4:59,121,120,1,1,0.008333333
7/15/2016 5:04,117,117,0,0,0
7/15/2016 5:09,114,117,-3,3,0.025641026
7/15/2016 5:14,114,119,-5,5,0.042016807
7/15/2016 5:19,116,122,-6,6,0.049180328
7/15/2016 5:24,119,124,-5,5,0.040322581
7/15/2016 5:29,121,126,-5,5,0.03968254
7/15/2016 5:34,123,129,-6,6,0.046511628
7/15/2016 5:39,126,125,1,1,0.008
7/15/2016 5:44,122,122,0,0,0
7/15/2016 5:49,119,119,0,0,0
7/15/2016 5:54,116,119,-3,3,0.025210084
7/15/2016 5:59,116,115,1,1,0.008695652
7/15/2016 6:04,111,111,0,0,0
7/15/2016 6:09,107,108,-1,1,0.009259259
7/15/2016 6:14,104,106,-2,2,0.018867925
7/15/2016 6:19,102,105,-3,3,0.028571429
7/15/2016 6:24,101,108,-7,7,0.064814815
7/15/2016 6:29,104,113,-9,9,0.079646018
7/15/2016 6:34,109,112,-3,3,0.026785714
7/15/2016 6:39,108,111,-3,3,0.027027027
7/15/2016 6:44,107,110,-3,3,0.027272727
7/15/2016 6:49,106,110,-4,4,0.036363636
7/15/2016 6:54,106,111,-5,5,0.045045045
7/15/2016 6:59,107,112,-5,5,0.044642857
7/15/2016 7:04,108,114,-6,6,0.052631579
7/15/2016 7:09,110,116,-6,6,0.051724138
7/15/2016 7:14,112,122,-10,10,0.081967213
7/15/2016 7:24,115,130,-15,15,0.115384615
7/15/2016 16:39,77,76,1,1,0.013157895
7/15/2016 16:44,75,75,0,0,0
7/15/2016 16:54,73,67,6,6,0.089552239
7/15/2016 16:59,66,65,1,1,0.015384615
7/15/2016 17:04,64,66,-2,2,0.03030303
7/15/2016 17:09,65,69,-4,4,0.057971014
7/15/2016 17:14,68,88,-20,20,0.227272727
7/15/2016 17:19,87,102,-15,15,0.147058824
7/15/2016 17:24,101,114,-13,13,0.114035088
7/15/2016 17:29,113,123,-10,10,0.081300813
7/15/2016 17:34,122,135,-13,13,0.096296296
7/15/2016 17:39,134,142,-8,8,0.056338028
7/15/2016 17:44,141,146,-5,5,0.034246575
7/15/2016 17:49,145,151,-6,6,0.039735099
7/15/2016 23:54,65,67,-2,2,0.029850746
7/15/2016 23:59,64,62,2,2,0.032258065
7/16/2016 0:04,60,64,-4,4,0.0625
7/16/2016 0:09,62,73,-11,11,0.150684932
7/16/2016 0:14,71,82,-11,11,0.134146341
7/16/2016 0:19,80,98,-18,18,0.183673469
7/16/2016 0:24,96,111,-15,15,0.135135135
7/16/2016 0:29,109,124,-15,15,0.120967742
7/16/2016 0:34,122,136,-14,14,0.102941176
7/16/2016 0:39,134,143,-9,9,0.062937063
7/16/2016 0:44,141,154,-13,13,0.084415584
7/16/2016 0:49,152,173,-21,21,0.121387283
7/16/2016 0:54,171,192,-21,21,0.109375
7/16/2016 0:59,190,209,-19,19,0.090909091
7/16/2016 1:04,207,222,-15,15,0.067567568
7/16/2016 1:09,220,233,-13,13,0.055793991
7/16/2016 1:14,231,239,-8,8,0.033472803
7/16/2016 1:19,237,245,-8,8,0.032653061
7/16/2016 1:24,243,251,-8,8,0.03187251
7/16/2016 1:29,249,257,-8,8,0.031128405
7/16/2016 1:34,255,263,-8,8,0.030418251
7/16/2016 1:39,261,267,-6,6,0.02247191
7/16/2016 1:44,265,270,-5,5,0.018518519
7/16/2016 1:49,268,274,-6,6,0.02189781
7/16/2016 1:54,272,277,-5,5,0.018050542
7/16/2016 1:59,275,263,12,12,0.045627376
7/16/2016 2:04,261,263,-2,2,0.007604563
7/16/2016 2:09,261,266,-5,5,0.018796992
7/16/2016 2:14,264,269,-5,5,0.018587361
7/16/2016 2:19,267,274,-7,7,0.025547445
7/16/2016 2:24,272,279,-7,7,0.025089606
7/16/2016 2:29,277,286,-9,9,0.031468531
7/16/2016 2:34,284,292,-8,8,0.02739726
7/16/2016 2:39,290,298,-8,8,0.026845638
7/16/2016 2:44,296,299,-3,3,0.010033445
7/16/2016 2:49,297,300,-3,3,0.01
7/16/2016 7:14,100,107,-7,7,0.065420561
7/16/2016 7:19,103,108,-5,5,0.046296296
7/16/2016 7:24,104,114,-10,10,0.087719298
7/16/2016 7:29,110,117,-7,7,0.05982906
7/16/2016 7:34,113,122,-9,9,0.073770492
7/16/2016 7:39,118,123,-5,5,0.040650407
7/16/2016 7:44,119,126,-7,7,0.055555556
7/16/2016 7:49,122,137,-15,15,0.109489051
7/16/2016 7:54,133,139,-6,6,0.043165468
7/16/2016 7:59,135,144,-9,9,0.0625
7/16/2016 8:04,140,144,-4,4,0.027777778
7/16/2016 8:09,140,142,-2,2,0.014084507
7/16/2016 8:14,138,144,-6,6,0.041666667
7/16/2016 8:19,140,141,-1,1,0.007092199
7/16/2016 8:24,137,140,-3,3,0.021428571
7/16/2016 8:29,136,137,-1,1,0.00729927
7/16/2016 8:34,133,129,4,4,0.031007752
7/16/2016 8:39,125,122,3,3,0.024590164
7/16/2016 8:44,118,112,6,6,0.053571429
7/16/2016 8:49,108,106,2,2,0.018867925
7/16/2016 8:54,102,100,2,2,0.02
7/16/2016 17:34,83,86,-3,3,0.034883721
7/16/2016 17:39,85,86,-1,1,0.011627907
7/16/2016 17:44,85,86,-1,1,0.011627907
7/16/2016 17:49,85,88,-3,3,0.034090909
7/16/2016 17:54,87,89,-2,2,0.02247191
7/16/2016 17:59,88,92,-4,4,0.043478261
7/16/2016 18:04,91,95,-4,4,0.042105263
7/16/2016 18:09,94,95,-1,1,0.010526316
7/16/2016 18:14,94,96,-2,2,0.020833333
7/16/2016 18:19,95,101,-6,6,0.059405941
7/16/2016 18:24,100,104,-4,4,0.038461538
7/16/2016 18:29,103,104,-1,1,0.009615385
7/16/2016 18:34,103,101,2,2,0.01980198
7/16/2016 18:39,100,98,2,2,0.020408163
7/16/2016 18:44,97,96,1,1,0.010416667
7/16/2016 18:49,95,94,1,1,0.010638298
7/16/2016 18:54,93,92,1,1,0.010869565
7/16/2016 18:59,91,90,1,1,0.011111111
7/16/2016 19:04,89,87,2,2,0.022988506
7/16/2016 19:24,82,77,5,5,0.064935065
7/16/2016 23:49,108,107,1,1,0.009345794
7/16/2016 23:54,104,103,1,1,0.009708738
7/16/2016 23:59,100,100,0,0,0
7/17/2016 0:04,98,98,0,0,0
7/17/2016 0:09,96,97,-1,1,0.010309278
7/17/2016 0:14,95,94,1,1,0.010638298
7/17/2016 0:19,92,93,-1,1,0.010752688
7/17/2016 0:24,91,93,-2,2,0.021505376
7/17/2016 0:29,91,91,0,0,0
7/17/2016 0:34,89,91,-2,2,0.021978022
7/17/2016 0:39,89,92,-3,3,0.032608696
7/17/2016 0:44,90,93,-3,3,0.032258065
7/17/2016 0:49,91,94,-3,3,0.031914894
7/17/2016 0:54,92,94,-2,2,0.021276596
7/17/2016 0:59,92,95,-3,3,0.031578947
7/17/2016 1:04,93,95,-2,2,0.021052632
7/17/2016 1:09,93,95,-2,2,0.021052632
7/17/2016 1:14,93,95,-2,2,0.021052632
7/17/2016 1:19,93,97,-4,4,0.041237113
7/17/2016 1:24,95,96,-1,1,0.010416667
7/17/2016 1:29,94,95,-1,1,0.010526316
7/17/2016 1:34,93,92,1,1,0.010869565
7/17/2016 1:39,90,92,-2,2,0.02173913
7/17/2016 1:44,90,92,-2,2,0.02173913
7/17/2016 1:49,90,94,-4,4,0.042553191
7/17/2016 1:54,92,97,-5,5,0.051546392
7/17/2016 1:59,95,100,-5,5,0.05
7/17/2016 2:04,98,103,-5,5,0.048543689
7/17/2016 2:09,101,101,0,0,0
7/17/2016 2:14,99,105,-6,6,0.057142857
7/17/2016 2:19,103,110,-7,7,0.063636364
7/17/2016 2:24,108,116,-8,8,0.068965517
7/17/2016 2:29,114,126,-12,12,0.095238095
7/17/2016 2:34,124,133,-9,9,0.067669173
7/17/2016 2:39,131,139,-8,8,0.057553957
7/17/2016 2:44,137,145,-8,8,0.055172414
7/17/2016 2:49,143,151,-8,8,0.052980132
7/17/2016 2:54,149,154,-5,5,0.032467532
7/17/2016 2:59,152,150,2,2,0.013333333
7/17/2016 3:04,148,150,-2,2,0.013333333
7/17/2016 3:09,148,153,-5,5,0.032679739
7/17/2016 3:14,151,156,-5,5,0.032051282
7/17/2016 3:19,154,161,-7,7,0.043478261
7/17/2016 3:24,159,166,-7,7,0.042168675
7/17/2016 3:29,164,169,-5,5,0.029585799
7/17/2016 3:34,167,171,-4,4,0.023391813
7/17/2016 3:39,169,174,-5,5,0.028735632
7/17/2016 3:44,172,173,-1,1,0.005780347
7/17/2016 3:49,171,174,-3,3,0.017241379
7/17/2016 3:54,172,183,-11,11,0.06010929
7/17/2016 3:59,181,191,-10,10,0.052356021
7/17/2016 4:04,188,197,-9,9,0.045685279
7/17/2016 4:09,194,201,-7,7,0.034825871
7/17/2016 4:14,198,200,-2,2,0.01
7/17/2016 4:19,197,202,-5,5,0.024752475
7/17/2016 4:24,199,206,-7,7,0.033980583
7/17/2016 4:29,203,210,-7,7,0.033333333
7/17/2016 4:34,207,214,-7,7,0.03271028
7/17/2016 4:39,211,215,-4,4,0.018604651
7/17/2016 4:44,212,215,-3,3,0.013953488
7/17/2016 4:49,212,213,-1,1,0.004694836
7/17/2016 4:54,210,211,-1,1,0.004739336
7/17/2016 4:59,208,212,-4,4,0.018867925
7/17/2016 5:04,209,212,-3,3,0.014150943
7/17/2016 5:09,209,211,-2,2,0.009478673
7/17/2016 5:14,208,211,-3,3,0.014218009
7/17/2016 5:19,208,210,-2,2,0.00952381
7/17/2016 9:44,86,115,-29,29,0.252173913
7/17/2016 9:49,113,128,-15,15,0.1171875
7/17/2016 9:54,126,143,-17,17,0.118881119
7/17/2016 9:59,141,143,-2,2,0.013986014
7/17/2016 10:04,141,145,-4,4,0.027586207
7/17/2016 10:09,143,144,-1,1,0.006944444
7/17/2016 10:14,142,136,6,6,0.044117647
7/17/2016 10:19,134,136,-2,2,0.014705882
7/17/2016 10:24,134,138,-4,4,0.028985507
7/17/2016 10:29,136,142,-6,6,0.042253521
7/17/2016 10:34,140,142,-2,2,0.014084507
7/17/2016 10:39,140,141,-1,1,0.007092199
7/17/2016 10:44,139,148,-9,9,0.060810811
7/17/2016 10:49,146,153,-7,7,0.045751634
7/17/2016 10:54,151,159,-8,8,0.050314465
7/17/2016 10:59,157,163,-6,6,0.036809816
7/17/2016 16:49,138,183,-45,45,0.245901639
7/17/2016 16:54,182,191,-9,9,0.047120419
7/17/2016 16:59,190,196,-6,6,0.030612245
7/17/2016 17:04,195,200,-5,5,0.025
7/17/2016 17:09,199,202,-3,3,0.014851485
7/17/2016 17:14,201,209,-8,8,0.038277512
7/17/2016 17:19,208,217,-9,9,0.041474654
7/17/2016 17:24,216,214,2,2,0.009345794
7/17/2016 17:29,213,217,-4,4,0.01843318
7/17/2016 17:34,216,222,-6,6,0.027027027
7/17/2016 17:39,221,223,-2,2,0.00896861
7/17/2016 17:44,222,223,-1,1,0.004484305
7/17/2016 17:49,222,222,0,0,0
7/17/2016 17:54,221,222,-1,1,0.004504505
7/17/2016 17:59,221,222,-1,1,0.004504505
7/17/2016 18:04,221,222,-1,1,0.004504505
7/17/2016 18:09,221,222,-1,1,0.004504505
7/17/2016 18:14,221,219,2,2,0.00913242
7/17/2016 18:19,218,218,0,0,0
